2087.46 1.14071e-06
2087.82 1.16383e-06
2088.17 1.18699e-06
2088.53 1.21016e-06
2088.89 1.23335e-06
2089.24 1.25656e-06
2089.6 1.27981e-06
2089.96 1.30306e-06
2090.31 1.32633e-06
2090.67 1.34964e-06
2091.02 1.37296e-06
2091.38 1.3963e-06
2091.74 1.41967e-06
2092.1 1.44307e-06
2092.45 1.46647e-06
2092.81 1.4899e-06
2093.17 1.51336e-06
2093.52 1.53683e-06
2093.88 1.56034e-06
2094.24 1.58386e-06
2094.59 1.60741e-06
2094.95 1.63097e-06
2095.31 1.65457e-06
2095.67 1.67817e-06
2096.02 1.70181e-06
2096.38 1.72547e-06
2096.74 1.74914e-06
2097.1 1.77284e-06
2097.45 1.79656e-06
2097.81 1.82032e-06
2098.17 1.84408e-06
2098.53 1.86788e-06
2098.89 1.89169e-06
2099.24 1.91552e-06
2099.6 1.93939e-06
2099.96 1.96327e-06
2100.32 1.98852e-06
2100.68 2.01497e-06
2101.03 2.07891e-06
2101.39 2.14299e-06
2101.75 2.20722e-06
2102.11 2.2716e-06
2102.47 2.33612e-06
2102.83 2.40083e-06
2103.19 2.46568e-06
2103.54 2.53073e-06
2103.9 2.59588e-06
2104.26 2.66122e-06
2104.62 2.7267e-06
2104.98 2.79234e-06
2105.34 2.85816e-06
2105.7 2.92414e-06
2106.06 2.99026e-06
2106.42 3.05653e-06
2106.78 3.12299e-06
2107.13 3.1896e-06
2107.49 3.25636e-06
2107.85 3.32326e-06
2108.21 3.39036e-06
2108.57 3.45757e-06
2108.93 3.52502e-06
2109.29 3.59257e-06
2109.65 3.66027e-06
2110.01 3.72816e-06
2110.37 3.79619e-06
2110.73 3.84994e-06
2111.09 3.83483e-06
2111.45 3.81966e-06
2111.81 3.80446e-06
2112.17 3.7892e-06
2112.53 3.77391e-06
2112.89 3.75857e-06
2113.25 3.74319e-06
2113.61 3.72777e-06
2113.97 3.71229e-06
2114.33 3.69677e-06
2114.69 3.68121e-06
2115.06 3.6656e-06
2115.42 3.64995e-06
2115.78 3.63425e-06
2116.14 3.61851e-06
2116.5 3.60272e-06
2116.86 3.58689e-06
2117.22 3.57101e-06
2117.58 3.55508e-06
2117.94 3.53912e-06
2118.3 3.5231e-06
2118.67 3.50704e-06
2119.03 3.49093e-06
2119.39 3.47478e-06
2119.75 3.45858e-06
2120.11 3.44233e-06
2120.47 3.42602e-06
2120.83 3.50356e-06
2121.2 3.69487e-06
2121.56 3.8866e-06
2121.92 4.07877e-06
2122.28 4.27149e-06
2122.64 4.46451e-06
2123.01 4.6581e-06
2123.37 4.85211e-06
2123.73 5.04669e-06
2124.09 5.24157e-06
2124.45 5.43702e-06
2124.82 5.6329e-06
2125.18 5.82934e-06
2125.54 6.02623e-06
2125.9 6.22354e-06
2126.27 6.4213e-06
2126.63 6.61949e-06
2126.99 6.81825e-06
2127.36 7.01745e-06
2127.72 7.21709e-06
2128.08 7.41717e-06
2128.44 7.61782e-06
2128.81 7.81892e-06
2129.17 8.02045e-06
2129.53 8.22257e-06
2129.9 8.42513e-06
2130.26 8.62809e-06
2130.62 8.83148e-06
2130.99 9.05105e-06
2131.35 9.27374e-06
2131.71 9.49692e-06
2132.08 9.72058e-06
2132.44 9.94488e-06
2132.8 1.01695e-05
2133.17 1.03948e-05
2133.53 1.06207e-05
2133.9 1.08469e-05
2134.26 1.10738e-05
2134.62 1.13012e-05
2134.99 1.15291e-05
2135.35 1.17576e-05
2135.72 1.19866e-05
2136.08 1.22161e-05
2136.44 1.24461e-05
2136.81 1.26767e-05
2137.17 1.29077e-05
2137.54 1.31393e-05
2137.9 1.33716e-05
2138.27 1.36042e-05
2138.63 1.38375e-05
2139.0 1.40713e-05
2139.36 1.43057e-05
2139.73 1.45405e-05
2140.09 1.47759e-05
2140.46 1.50117e-05
2140.82 1.52018e-05
2141.19 1.53235e-05
2141.55 1.54455e-05
2141.92 1.55677e-05
2142.28 1.56902e-05
2142.65 1.5813e-05
2143.01 1.59361e-05
2143.38 1.60594e-05
2143.74 1.6183e-05
2144.11 1.63068e-05
2144.48 1.64309e-05
2144.84 1.65553e-05
2145.21 1.668e-05
2145.57 1.68048e-05
2145.94 1.693e-05
2146.31 1.70555e-05
2146.67 1.71813e-05
2147.04 1.73073e-05
2147.4 1.74336e-05
2147.77 1.75601e-05
2148.14 1.76869e-05
2148.5 1.7814e-05
2148.87 1.79414e-05
2149.24 1.8069e-05
2149.6 1.81969e-05
2149.97 1.83251e-05
2150.34 1.84534e-05
2150.7 1.85832e-05
2151.07 1.8728e-05
2151.44 1.88733e-05
2151.8 1.90188e-05
2152.17 1.91646e-05
2152.54 1.93108e-05
2152.9 1.94572e-05
2153.27 1.9604e-05
2153.64 1.9751e-05
2154.01 1.98985e-05
2154.37 2.00461e-05
2154.74 2.01941e-05
2155.11 2.03425e-05
2155.48 2.04911e-05
2155.84 2.06401e-05
2156.21 2.07894e-05
2156.58 2.09391e-05
2156.95 2.1089e-05
2157.31 2.12392e-05
2157.68 2.13898e-05
2158.05 2.15407e-05
2158.42 2.16919e-05
2158.79 2.18434e-05
2159.16 2.19953e-05
2159.52 2.21475e-05
2159.89 2.23e-05
2160.26 2.24526e-05
2160.63 2.26057e-05
2161.0 2.28437e-05
2161.37 2.30958e-05
2161.73 2.33484e-05
2162.1 2.36014e-05
2162.47 2.3855e-05
2162.84 2.41093e-05
2163.21 2.43641e-05
2163.58 2.46193e-05
2163.95 2.48753e-05
2164.32 2.51318e-05
2164.69 2.53888e-05
2165.05 2.56463e-05
2165.42 2.59045e-05
2165.79 2.6163e-05
2166.16 2.64223e-05
2166.53 2.66822e-05
2166.9 2.69424e-05
2167.27 2.72034e-05
2167.64 2.74649e-05
2168.01 2.7727e-05
2168.38 2.79896e-05
2168.75 2.82528e-05
2169.12 2.85165e-05
2169.49 2.8781e-05
2169.86 2.90457e-05
2170.23 2.93111e-05
2170.6 2.95769e-05
2170.97 3.03508e-05
2171.34 3.1266e-05
2171.71 3.21836e-05
2172.08 3.31031e-05
2172.45 3.40252e-05
2172.82 3.49492e-05
2173.19 3.58751e-05
2173.56 3.68029e-05
2173.93 3.77326e-05
2174.31 3.86649e-05
2174.68 3.95991e-05
2175.05 4.05353e-05
2175.42 4.1474e-05
2175.79 4.24146e-05
2176.16 4.33571e-05
2176.53 4.43016e-05
2176.9 4.52487e-05
2177.27 4.61971e-05
2177.65 4.71481e-05
2178.02 4.81016e-05
2178.39 4.90565e-05
2178.76 5.0014e-05
2179.13 5.09734e-05
2179.5 5.19354e-05
2179.88 5.28988e-05
2180.25 5.38644e-05
2180.62 5.48319e-05
2180.99 5.64373e-05
2181.36 5.81775e-05
2181.73 5.99225e-05
2182.11 6.16722e-05
2182.48 6.34244e-05
2182.85 6.51813e-05
2183.22 6.69418e-05
2183.6 6.87059e-05
2183.97 7.04736e-05
2184.34 7.22461e-05
2184.71 7.40223e-05
2185.09 7.58032e-05
2185.46 7.75866e-05
2185.83 7.93747e-05
2186.2 8.11665e-05
2186.58 8.2962e-05
2186.95 8.47623e-05
2187.32 8.65662e-05
2187.7 8.83738e-05
2188.07 9.01851e-05
2188.44 9.20012e-05
2188.82 9.3821e-05
2189.19 9.56444e-05
2189.56 9.74717e-05
2189.94 9.93037e-05
2190.31 0.000101139
2190.68 0.000102977
2191.06 0.000104199
2191.43 0.00010542
2191.8 0.000106644
2192.18 0.000107871
2192.55 0.000109101
2192.93 0.000110333
2193.3 0.000111567
2193.67 0.000112804
2194.05 0.000114043
2194.42 0.000115286
2194.8 0.000116531
2195.17 0.000117779
2195.55 0.000119029
2195.92 0.000120282
2196.29 0.000121537
2196.67 0.000122795
2197.04 0.000124056
2197.42 0.00012532
2197.79 0.000126586
2198.17 0.000127854
2198.54 0.000129126
2198.92 0.0001304
2199.29 0.000131676
2199.67 0.000132956
2200.04 0.000134239
2200.42 0.000135539
2200.79 0.000136631
2201.17 0.000137193
2201.54 0.000137757
2201.92 0.000138322
2202.3 0.000138888
2202.67 0.000139455
2203.05 0.000140023
2203.42 0.000140593
2203.8 0.000141163
2204.17 0.000141735
2204.55 0.000142308
2204.93 0.000142882
2205.3 0.000143456
2205.68 0.000144033
2206.05 0.00014461
2206.43 0.000145189
2206.81 0.000145768
2207.18 0.000146349
2207.56 0.000146931
2207.94 0.000147514
2208.31 0.000148099
2208.69 0.000148685
2209.07 0.000149271
2209.44 0.000149859
2209.82 0.000150448
2210.2 0.000151037
2210.57 0.000151627
2210.95 0.00015291
2211.33 0.000154496
2211.71 0.000156087
2212.08 0.000157682
2212.46 0.00015928
2212.84 0.000160881
2213.21 0.000162487
2213.59 0.000164095
2213.97 0.000165708
2214.35 0.000167325
2214.73 0.000168945
2215.1 0.000170568
2215.48 0.000172194
2215.86 0.000173825
2216.24 0.000175459
2216.61 0.000177096
2216.99 0.000178738
2217.37 0.000180383
2217.75 0.000182032
2218.13 0.000183684
2218.51 0.00018534
2218.88 0.000187
2219.26 0.000188663
2219.64 0.00019033
2220.02 0.000192001
2220.4 0.000193674
2220.78 0.000196028
2221.16 0.000200712
2221.53 0.000205404
2221.91 0.000210108
2222.29 0.000214826
2222.67 0.000219551
2223.05 0.000224289
2223.43 0.000229036
2223.81 0.000233794
2224.19 0.000238566
2224.57 0.000243347
2224.95 0.000248138
2225.33 0.00025294
2225.71 0.000257755
2226.09 0.00026258
2226.47 0.000267415
2226.84 0.00027226
2227.22 0.000277119
2227.6 0.000281988
2227.98 0.000286867
2228.36 0.00029176
2228.74 0.000296663
2229.12 0.000301576
2229.51 0.0003065
2229.89 0.000311437
2230.27 0.000316334
2230.65 0.000321224
2231.03 0.000328605
2231.41 0.000336345
2231.79 0.000344104
2232.17 0.000351875
2232.55 0.000359665
2232.93 0.000367469
2233.31 0.000375285
2233.69 0.000383116
2234.07 0.000390959
2234.45 0.000398821
2234.83 0.000406697
2235.22 0.000414585
2235.6 0.000422493
2235.98 0.000430414
2236.36 0.000438348
2236.74 0.000446296
2237.12 0.000454262
2237.5 0.000462242
2237.89 0.000470236
2238.27 0.000478242
2238.65 0.000486268
2239.03 0.000494307
2239.41 0.00050236
2239.8 0.000510432
2240.18 0.000518509
2240.56 0.000526601
2240.94 0.000533399
2241.32 0.000539476
2241.71 0.000545566
2242.09 0.000551667
2242.47 0.000557777
2242.85 0.000563901
2243.24 0.000570036
2243.62 0.00057618
2244.0 0.000582338
2244.38 0.000588502
2244.77 0.00059468
2245.15 0.000600869
2245.53 0.000607071
2245.92 0.000613283
2246.3 0.000619505
2246.68 0.000625737
2247.06 0.000631983
2247.45 0.000638239
2247.83 0.000644505
2248.21 0.000650782
2248.6 0.000657072
2248.98 0.000663368
2249.37 0.000669683
2249.75 0.000676004
2250.13 0.000682336
2250.52 0.000688672
2250.9 0.000691756
2251.28 0.000691926
2251.67 0.000692095
2252.05 0.000692263
2252.44 0.000692431
2252.82 0.000692598
2253.2 0.000692765
2253.59 0.000692931
2253.97 0.000693097
2254.36 0.000693263
2254.74 0.000693428
2255.13 0.000693592
2255.51 0.000693756
2255.9 0.00069392
2256.28 0.000694083
2256.67 0.000694245
2257.05 0.000694407
2257.44 0.000694569
2257.82 0.00069473
2258.21 0.00069489
2258.59 0.000695051
2258.98 0.00069521
2259.36 0.000695369
2259.75 0.000695528
2260.13 0.000695683
2260.52 0.000695833
2260.9 0.000696066
2261.29 0.000696374
2261.67 0.000696683
2262.06 0.000696991
2262.45 0.000697298
2262.83 0.000697606
2263.22 0.000697914
2263.6 0.000698221
2263.99 0.000698528
2264.38 0.000698834
2264.76 0.000699141
2265.15 0.000699447
2265.54 0.000699754
2265.92 0.000700059
2266.31 0.000700365
2266.69 0.000700671
2267.08 0.000700976
2267.47 0.000701281
2267.85 0.000701586
2268.24 0.000701891
2268.63 0.000702195
2269.02 0.0007025
2269.4 0.000702804
2269.79 0.000703108
2270.18 0.000703408
2270.56 0.000703703
2270.95 0.000708354
2271.34 0.000715441
2271.73 0.000722538
2272.11 0.000729647
2272.5 0.000736766
2272.89 0.0007439
2273.28 0.000751045
2273.66 0.000758202
2274.05 0.000765368
2274.44 0.00077255
2274.83 0.000779743
2275.22 0.000786947
2275.6 0.000794166
2275.99 0.000801392
2276.38 0.000808632
2276.77 0.000815889
2277.16 0.000823151
2277.54 0.000830429
2277.93 0.000837718
2278.32 0.000845023
2278.71 0.000852333
2279.1 0.000859659
2279.49 0.000866997
2279.88 0.000874349
2280.27 0.000881706
2280.65 0.000889072
2281.04 0.000905781
2281.43 0.000923908
2281.82 0.00094205
2282.21 0.000960243
2282.6 0.000978453
2282.99 0.000996702
2283.38 0.00101498
2283.77 0.00103328
2284.16 0.00105162
2284.55 0.00106999
2284.94 0.00108839
2285.33 0.00110682
2285.72 0.00112529
2286.11 0.00114378
2286.5 0.00116231
2286.89 0.00118086
2287.28 0.00119945
2287.67 0.00121807
2288.06 0.00123672
2288.45 0.0012554
2288.84 0.00127412
2289.23 0.00129286
2289.62 0.00131164
2290.01 0.00133045
2290.4 0.00134928
2290.79 0.00137031
2291.18 0.00139947
2291.57 0.00142868
2291.96 0.00145794
2292.35 0.00148724
2292.74 0.00151661
2293.13 0.001546
2293.53 0.00157547
2293.92 0.00160497
2294.31 0.00163451
2294.7 0.00166412
2295.09 0.00169377
2295.48 0.00172348
2295.87 0.00175322
2296.27 0.00178302
2296.66 0.00181286
2297.05 0.00184277
2297.44 0.00187272
2297.83 0.00190272
2298.22 0.00193277
2298.62 0.00196287
2299.01 0.001993
2299.4 0.00202322
2299.79 0.00205346
2300.19 0.00208353
2300.58 0.00211338
2300.97 0.00213952
2301.36 0.00216379
2301.75 0.00218811
2302.15 0.00221245
2302.54 0.00223682
2302.93 0.00226123
2303.33 0.00228566
2303.72 0.00231012
2304.11 0.00233461
2304.5 0.00235913
2304.9 0.00238368
2305.29 0.00240826
2305.68 0.00243287
2306.08 0.00245752
2306.47 0.00248218
2306.86 0.00250688
2307.26 0.00253161
2307.65 0.00255637
2308.04 0.00258115
2308.44 0.00260596
2308.83 0.00263082
2309.23 0.00265569
2309.62 0.00268059
2310.01 0.00270554
2310.41 0.00273047
2310.8 0.00275085
2311.2 0.00275585
2311.59 0.00276085
2311.98 0.00276586
2312.38 0.00277088
2312.77 0.0027759
2313.17 0.00278092
2313.56 0.00278595
2313.96 0.00279099
2314.35 0.00279603
2314.75 0.00280107
2315.14 0.00280612
2315.54 0.00281118
2315.93 0.00281624
2316.33 0.0028213
2316.72 0.00282637
2317.12 0.00283145
2317.51 0.00283653
2317.91 0.00284161
2318.3 0.0028467
2318.7 0.0028518
2319.09 0.0028569
2319.49 0.002862
2319.88 0.00286712
2320.28 0.00287221
2320.67 0.00287731
2321.07 0.00287792
2321.47 0.00287806
2321.86 0.0028782
2322.26 0.00287833
2322.65 0.00287846
2323.05 0.00287859
2323.45 0.00287872
2323.84 0.00287885
2324.24 0.00287898
2324.64 0.00287911
2325.03 0.00287924
2325.43 0.00287936
2325.83 0.00287949
2326.22 0.00287961
2326.62 0.00287973
2327.02 0.00287985
2327.41 0.00287997
2327.81 0.00288009
2328.21 0.00288021
2328.6 0.00288033
2329.0 0.00288044
2329.4 0.00288056
2329.8 0.00288067
2330.19 0.00288077
2330.59 0.00288086
2330.99 0.00288983
2331.39 0.00290287
2331.78 0.00291592
2332.18 0.00292899
2332.58 0.00294208
2332.98 0.00295517
2333.37 0.00296829
2333.77 0.00298141
2334.17 0.00299455
2334.57 0.00300771
2334.97 0.00302088
2335.36 0.00303406
2335.76 0.00304727
2336.16 0.00306048
2336.56 0.00307371
2336.96 0.00308695
2337.36 0.00310021
2337.76 0.00311348
2338.15 0.00312676
2338.55 0.00314006
2338.95 0.00315338
2339.35 0.00316671
2339.75 0.00318005
2340.15 0.0031934
2340.55 0.00320676
2340.95 0.00322985
2341.35 0.00326011
2341.75 0.00329043
2342.15 0.00332076
2342.54 0.00335113
2342.94 0.00338155
2343.34 0.003412
2343.74 0.00344247
2344.14 0.00347297
2344.54 0.00350353
2344.94 0.00353411
2345.34 0.00356472
2345.74 0.00359537
2346.14 0.00362604
2346.54 0.00365676
2346.94 0.00368753
2347.34 0.0037183
2347.74 0.00374912
2348.14 0.00377998
2348.55 0.00381088
2348.95 0.00384181
2349.35 0.00387277
2349.75 0.00390376
2350.15 0.00393477
2350.55 0.00396581
2350.95 0.00400387
2351.35 0.00404717
2351.75 0.00409049
2352.15 0.0041339
2352.55 0.00417733
2352.96 0.0042208
2353.36 0.00426433
2353.76 0.00430791
2354.16 0.00435156
2354.56 0.00439522
2354.96 0.00443894
2355.36 0.00448271
2355.77 0.00452655
2356.17 0.00457043
2356.57 0.00461435
2356.97 0.00465831
2357.37 0.00470234
2357.78 0.00474638
2358.18 0.00479053
2358.58 0.00483468
2358.98 0.0048789
2359.38 0.00492317
2359.79 0.00496748
2360.19 0.00501184
2360.59 0.00505622
2360.99 0.00509853
2361.4 0.00513988
2361.8 0.00518129
2362.2 0.00522274
2362.61 0.00526423
2363.01 0.00530578
2363.41 0.00534736
2363.82 0.00538899
2364.22 0.00543066
2364.62 0.00547239
2365.02 0.00551415
2365.43 0.00555596
2365.83 0.0055978
2366.24 0.00563971
2366.64 0.00568166
2367.04 0.00572367
2367.45 0.00576569
2367.85 0.00580778
2368.25 0.00584993
2368.66 0.0058921
2369.06 0.00593433
2369.47 0.0059766
2369.87 0.00601891
2370.27 0.00606125
2370.68 0.00610363
2371.08 0.00613381
2371.49 0.00616247
2371.89 0.00619117
2372.3 0.0062199
2372.7 0.00624867
2373.11 0.00627745
2373.51 0.00630627
2373.92 0.00633512
2374.32 0.00636401
2374.72 0.00639291
2375.13 0.00642185
2375.54 0.00645083
2375.94 0.00647982
2376.35 0.00650886
2376.75 0.00653791
2377.16 0.00656702
2377.56 0.00659614
2377.97 0.0066253
2378.37 0.00665447
2378.78 0.00668368
2379.18 0.00671292
2379.59 0.0067422
2380.0 0.00677151
2380.4 0.00680082
2380.81 0.00682956
2381.21 0.00685603
2381.62 0.00688252
2382.03 0.00690904
2382.43 0.00693558
2382.84 0.00696217
2383.25 0.00698876
2383.65 0.00701539
2384.06 0.00704206
2384.46 0.00706874
2384.87 0.00709545
2385.28 0.00712219
2385.69 0.00714895
2386.09 0.00717575
2386.5 0.00720257
2386.91 0.00722941
2387.31 0.0072563
2387.72 0.0072832
2388.13 0.00731013
2388.53 0.00733708
2388.94 0.00736407
2389.35 0.00739108
2389.76 0.00741812
2390.17 0.00744518
2390.57 0.00747222
2390.98 0.00751061
2391.39 0.00755599
2391.8 0.00760144
2392.2 0.0076469
2392.61 0.00769246
2393.02 0.00773802
2393.43 0.00778366
2393.84 0.00782934
2394.24 0.00787507
2394.65 0.00792083
2395.06 0.00796665
2395.47 0.00801251
2395.88 0.00805844
2396.29 0.00810441
2396.7 0.00815042
2397.1 0.00819647
2397.51 0.00824258
2397.92 0.00828874
2398.33 0.00833493
2398.74 0.00838117
2399.15 0.00842747
2399.56 0.00847382
2399.97 0.00852023
2400.38 0.00856248
2400.79 0.0086098
2401.2 0.00869117
2401.61 0.00877248
2402.02 0.00885382
2402.43 0.00893516
2402.83 0.00901648
2403.24 0.00909785
2403.65 0.0091792
2404.06 0.00926054
2404.47 0.00934192
2404.88 0.00942324
2405.3 0.00950464
2405.71 0.00958599
2406.12 0.00966737
2406.53 0.0097487
2406.94 0.00983011
2407.35 0.00991146
2407.76 0.00999285
2408.17 0.0100742
2408.58 0.0101556
2408.99 0.010237
2409.4 0.0103184
2409.81 0.0103998
2410.22 0.0104812
2410.63 0.0105625
2411.04 0.0106839
2411.46 0.010818
2411.87 0.0109522
2412.28 0.0110863
2412.69 0.0112204
2413.1 0.0113546
2413.51 0.0114887
2413.93 0.0116228
2414.34 0.011757
2414.75 0.0118911
2415.16 0.0120253
2415.57 0.0121594
2415.98 0.0122936
2416.4 0.0124277
2416.81 0.0125619
2417.22 0.0126961
2417.63 0.0128303
2418.05 0.0129644
2418.46 0.0130986
2418.87 0.0132327
2419.28 0.0133669
2419.7 0.0135012
2420.11 0.0136353
2420.52 0.0137695
2420.93 0.0139269
2421.35 0.0141092
2421.76 0.0142917
2422.17 0.0144739
2422.59 0.0146564
2423.0 0.0148387
2423.41 0.0150212
2423.83 0.0152035
2424.24 0.0153859
2424.65 0.0155683
2425.07 0.0157508
2425.48 0.0159331
2425.89 0.0161155
2426.31 0.016298
2426.72 0.0164804
2427.14 0.0166629
2427.55 0.0168452
2427.96 0.0170277
2428.38 0.0172101
2428.79 0.0173925
2429.21 0.017575
2429.62 0.0177574
2430.03 0.0179398
2430.45 0.0181211
2430.86 0.0183084
2431.28 0.0185094
2431.69 0.0187104
2432.11 0.0189114
2432.52 0.0191123
2432.94 0.0193133
2433.35 0.0195141
2433.77 0.019715
2434.18 0.019916
2434.6 0.0201167
2435.01 0.0203176
2435.43 0.0205184
2435.84 0.0207192
2436.26 0.0209199
2436.67 0.0211206
2437.09 0.0213214
2437.51 0.0215221
2437.92 0.0217227
2438.34 0.0219234
2438.75 0.0221241
2439.17 0.0223247
2439.58 0.0225253
2440.0 0.0227258
2440.42 0.0229262
2440.83 0.0231244
2441.25 0.0233142
2441.67 0.0235038
2442.08 0.0236936
2442.5 0.0238833
2442.92 0.0240729
2443.33 0.0242626
2443.75 0.0244522
2444.17 0.0246418
2444.58 0.0248314
2445.0 0.025021
2445.42 0.0252105
2445.83 0.0254
2446.25 0.0255895
2446.67 0.025779
2447.09 0.0259684
2447.5 0.0261579
2447.92 0.0263473
2448.34 0.0265366
2448.76 0.026726
2449.17 0.0269153
2449.59 0.0271046
2450.01 0.0272939
2450.43 0.0274832
2450.84 0.027672
2451.26 0.0278593
2451.68 0.0280466
2452.1 0.028234
2452.52 0.0284213
2452.94 0.0286087
2453.35 0.0287959
2453.77 0.0289832
2454.19 0.0291704
2454.61 0.0293576
2455.03 0.0295448
2455.45 0.029732
2455.87 0.0299191
2456.28 0.0301062
2456.7 0.0302933
2457.12 0.0304804
2457.54 0.0306675
2457.96 0.0308545
2458.38 0.0310415
2458.8 0.0312285
2459.22 0.0314154
2459.64 0.0316023
2460.06 0.0317893
2460.48 0.0319761
2460.9 0.0321799
2461.32 0.0324133
2461.74 0.0326468
2462.16 0.0328803
2462.58 0.0331136
2463.0 0.0333469
2463.42 0.0335803
2463.84 0.0338136
2464.26 0.0340468
2464.68 0.0342801
2465.1 0.0345134
2465.52 0.0347465
2465.94 0.0349796
2466.36 0.0352128
2466.78 0.0354459
2467.2 0.0356789
2467.62 0.035912
2468.04 0.036145
2468.46 0.036378
2468.88 0.036611
2469.3 0.0368438
2469.73 0.0370768
2470.15 0.0373096
2470.57 0.0375424
2470.99 0.03783
2471.41 0.0381575
2471.83 0.038485
2472.25 0.0388125
2472.68 0.0391399
2473.1 0.0394674
2473.52 0.0397948
2473.94 0.0401221
2474.36 0.0404494
2474.79 0.0407767
2475.21 0.0411039
2475.63 0.041431
2476.05 0.041758
2476.47 0.0420851
2476.9 0.0424121
2477.32 0.0427391
2477.74 0.0430661
2478.16 0.043393
2478.59 0.04372
2479.01 0.0440467
2479.43 0.0443735
2479.86 0.0447002
2480.28 0.045027
2480.7 0.0453535
2481.12 0.0457715
2481.55 0.0462011
2481.97 0.0466304
2482.39 0.0470598
2482.82 0.0474894
2483.24 0.0479185
2483.66 0.0483478
2484.09 0.048777
2484.51 0.0492062
2484.94 0.0496351
2485.36 0.0500641
2485.78 0.050493
2486.21 0.050922
2486.63 0.0513508
2487.06 0.0517796
2487.48 0.0522084
2487.9 0.0526372
2488.33 0.0530657
2488.75 0.0534942
2489.18 0.0539228
2489.6 0.0543512
2490.03 0.0547796
2490.45 0.055208
2490.88 0.0556511
2491.3 0.0561304
2491.73 0.0566094
2492.15 0.0570884
2492.58 0.0575673
2493.0 0.0580461
2493.43 0.058525
2493.85 0.0590038
2494.28 0.0594824
2494.7 0.0599612
2495.13 0.0604398
2495.55 0.0609182
2495.98 0.0613965
2496.4 0.061875
2496.83 0.0623533
2497.26 0.0628314
2497.68 0.0633097
2498.11 0.0637878
2498.53 0.0642658
2498.96 0.0647437
2499.39 0.0652216
2499.81 0.0656995
2500.24 0.066172
2500.67 0.0666398
2501.09 0.0670751
2501.52 0.0675016
2501.95 0.0679277
2502.37 0.0683538
2502.8 0.0687797
2503.23 0.0692056
2503.65 0.0696311
2504.08 0.0700565
2504.51 0.0704815
2504.93 0.0709065
2505.36 0.0713313
2505.79 0.0717558
2506.22 0.0721803
2506.64 0.0726045
2507.07 0.0730284
2507.5 0.0734521
2507.93 0.0738757
2508.35 0.0742991
2508.78 0.0747225
2509.21 0.0751453
2509.64 0.0755681
2510.07 0.0759907
2510.49 0.0764133
2510.92 0.0767979
2511.35 0.0771227
2511.78 0.0774473
2512.21 0.0777719
2512.64 0.0780963
2513.06 0.0784207
2513.49 0.0787447
2513.92 0.0790686
2514.35 0.0793925
2514.78 0.0797161
2515.21 0.0800396
2515.64 0.0803629
2516.07 0.0806861
2516.5 0.0810092
2516.92 0.0813319
2517.35 0.0816547
2517.78 0.0819771
2518.21 0.0822997
2518.64 0.0826219
2519.07 0.0829439
2519.5 0.0832658
2519.93 0.0835876
2520.36 0.0839094
2520.79 0.0842253
2521.22 0.0844723
2521.65 0.0847191
2522.08 0.0849658
2522.51 0.0852124
2522.94 0.0854589
2523.37 0.0857053
2523.8 0.0859514
2524.23 0.0861976
2524.66 0.0864435
2525.09 0.0866894
2525.52 0.0869351
2525.96 0.0871806
2526.39 0.0874261
2526.82 0.0876715
2527.25 0.0879167
2527.68 0.0881619
2528.11 0.0884069
2528.54 0.0886517
2528.97 0.0888963
2529.4 0.089141
2529.84 0.0893855
2530.27 0.0896298
2530.7 0.0898742
2531.13 0.0901042
2531.56 0.0903317
2531.99 0.0905591
2532.43 0.0907864
2532.86 0.0910136
2533.29 0.0912405
2533.72 0.0914675
2534.15 0.0916943
2534.59 0.091921
2535.02 0.0921476
2535.45 0.0923741
2535.88 0.0926004
2536.32 0.0928265
2536.75 0.0930526
2537.18 0.0932786
2537.61 0.0935045
2538.05 0.0937302
2538.48 0.0939558
2538.91 0.0941814
2539.34 0.0944067
2539.78 0.0946319
2540.21 0.0948571
2540.64 0.0950822
2541.08 0.0953145
2541.51 0.0955492
2541.94 0.0957839
2542.38 0.0960185
2542.81 0.0962529
2543.25 0.0964872
2543.68 0.0967214
2544.11 0.0969554
2544.55 0.0971894
2544.98 0.0974232
2545.42 0.0976568
2545.85 0.0978904
2546.28 0.0981238
2546.72 0.0983571
2547.15 0.0985903
2547.59 0.0988235
2548.02 0.0990563
2548.46 0.0992891
2548.89 0.0995218
2549.33 0.0997543
2549.76 0.0999868
2550.2 0.100219
2550.63 0.100451
2551.06 0.100677
2551.5 0.100899
2551.94 0.101121
2552.37 0.101343
2552.81 0.101564
2553.24 0.101786
2553.68 0.102008
2554.11 0.102229
2554.55 0.10245
2554.98 0.102671
2555.42 0.102892
2555.86 0.103113
2556.29 0.103334
2556.73 0.103555
2557.16 0.103775
2557.6 0.103996
2558.04 0.104216
2558.47 0.104436
2558.91 0.104656
2559.34 0.104876
2559.78 0.105096
2560.22 0.105316
2560.65 0.105535
2561.09 0.105714
2561.53 0.105878
2561.97 0.106042
2562.4 0.106206
2562.84 0.106369
2563.28 0.106533
2563.71 0.106697
2564.15 0.10686
2564.59 0.107024
2565.03 0.107187
2565.46 0.10735
2565.9 0.107513
2566.34 0.107676
2566.78 0.107839
2567.21 0.108002
2567.65 0.108165
2568.09 0.108327
2568.53 0.10849
2568.97 0.108652
2569.4 0.108815
2569.84 0.108977
2570.28 0.109139
2570.72 0.109301
2571.16 0.109398
2571.6 0.109486
2572.03 0.109574
2572.47 0.109662
2572.91 0.10975
2573.35 0.109838
2573.79 0.109926
2574.23 0.110013
2574.67 0.110101
2575.11 0.110188
2575.55 0.110276
2575.99 0.110363
2576.42 0.110451
2576.86 0.110538
2577.3 0.110625
2577.74 0.110712
2578.18 0.1108
2578.62 0.110887
2579.06 0.110974
2579.5 0.111061
2579.94 0.111147
2580.38 0.111234
2580.82 0.111314
2581.26 0.111341
2581.7 0.111368
2582.14 0.111395
2582.58 0.111422
2583.02 0.111449
2583.46 0.111475
2583.91 0.111502
2584.35 0.111529
2584.79 0.111555
2585.23 0.111582
2585.67 0.111608
2586.11 0.111635
2586.55 0.111661
2586.99 0.111688
2587.43 0.111714
2587.87 0.11174
2588.32 0.111767
2588.76 0.111793
2589.2 0.111819
2589.64 0.111845
2590.08 0.111871
2590.52 0.111898
2590.97 0.111907
2591.41 0.111895
2591.85 0.111883
2592.29 0.111871
2592.73 0.111859
2593.18 0.111847
2593.62 0.111835
2594.06 0.111823
2594.5 0.111811
2594.95 0.111799
2595.39 0.111786
2595.83 0.111774
2596.27 0.111762
2596.72 0.11175
2597.16 0.111738
2597.6 0.111725
2598.05 0.111713
2598.49 0.111701
2598.93 0.111688
2599.37 0.111676
2599.82 0.111663
2600.26 0.111637
2600.71 0.111601
2601.15 0.111544
2601.59 0.111484
2602.04 0.111423
2602.48 0.111363
2602.92 0.111303
2603.37 0.111242
2603.81 0.111182
2604.26 0.111121
2604.7 0.111061
2605.14 0.111
2605.59 0.11094
2606.03 0.110879
2606.48 0.110819
2606.92 0.110758
2607.37 0.110697
2607.81 0.110637
2608.26 0.110576
2608.7 0.110515
2609.15 0.110455
2609.59 0.110394
2610.04 0.110333
2610.48 0.110273
2610.93 0.110203
2611.37 0.110115
2611.82 0.110027
2612.26 0.109938
2612.71 0.10985
2613.15 0.109762
2613.6 0.109674
2614.05 0.109586
2614.49 0.109498
2614.94 0.109409
2615.38 0.109321
2615.83 0.109233
2616.28 0.109145
2616.72 0.109057
2617.17 0.108969
2617.61 0.108881
2618.06 0.108793
2618.51 0.108705
2618.95 0.108617
2619.4 0.108529
2619.85 0.108441
2620.29 0.108353
2620.74 0.108265
2621.19 0.108148
2621.64 0.108029
2622.08 0.10791
2622.53 0.107791
2622.98 0.107672
2623.42 0.107553
2623.87 0.107434
2624.32 0.107315
2624.77 0.107196
2625.21 0.107078
2625.66 0.106959
2626.11 0.10684
2626.56 0.106721
2627.01 0.106603
2627.45 0.106484
2627.9 0.106366
2628.35 0.106247
2628.8 0.106129
2629.25 0.10601
2629.7 0.105892
2630.14 0.105774
2630.59 0.105658
2631.04 0.105526
2631.49 0.105381
2631.94 0.105237
2632.39 0.105093
2632.84 0.104948
2633.29 0.104804
2633.74 0.10466
2634.18 0.104516
2634.63 0.104372
2635.08 0.104228
2635.53 0.104084
2635.98 0.10394
2636.43 0.103797
2636.88 0.103653
2637.33 0.103509
2637.78 0.103366
2638.23 0.103222
2638.68 0.103079
2639.13 0.102936
2639.58 0.102792
2640.03 0.102649
2640.48 0.102506
2640.93 0.10236
2641.38 0.102208
2641.83 0.102055
2642.28 0.101903
2642.73 0.101751
2643.18 0.101599
2643.64 0.101447
2644.09 0.101295
2644.54 0.101143
2644.99 0.100992
2645.44 0.10084
2645.89 0.100689
2646.34 0.100537
2646.79 0.100385
2647.24 0.100234
2647.7 0.100083
2648.15 0.0999316
2648.6 0.0997804
2649.05 0.0996294
2649.5 0.0994783
2649.96 0.0993274
2650.41 0.0991766
2650.86 0.0990273
2651.31 0.0988859
2651.76 0.0987446
2652.22 0.0986033
2652.67 0.0984621
2653.12 0.098321
2653.57 0.0981799
2654.03 0.0980388
2654.48 0.0978979
2654.93 0.097757
2655.38 0.0976162
2655.84 0.0974754
2656.29 0.0973347
2656.74 0.0971941
2657.2 0.0970535
2657.65 0.096913
2658.1 0.0967725
2658.56 0.0966322
2659.01 0.0964919
2659.46 0.0963517
2659.92 0.0962115
2660.37 0.0960715
2660.82 0.0959329
2661.28 0.0958133
2661.73 0.0956939
2662.19 0.0955744
2662.64 0.095455
2663.09 0.0953356
2663.55 0.0952163
2664.0 0.095097
2664.46 0.0949778
2664.91 0.0948586
2665.37 0.0947395
2665.82 0.0946205
2666.27 0.0945014
2666.73 0.0943824
2667.18 0.0942634
2667.64 0.0941445
2668.09 0.0940257
2668.55 0.0939069
2669.0 0.0937881
2669.46 0.0936694
2669.92 0.0935507
2670.37 0.0934321
2670.83 0.0933154
2671.28 0.0932214
2671.74 0.0931275
2672.19 0.0930336
2672.65 0.0929398
2673.1 0.0928458
2673.56 0.092752
2674.02 0.0926582
2674.47 0.0925644
2674.93 0.0924707
2675.38 0.0923769
2675.84 0.0922832
2676.3 0.0921895
2676.75 0.0920958
2677.21 0.0920021
2677.67 0.0919085
2678.12 0.0918149
2678.58 0.0917212
2679.04 0.0916277
2679.49 0.0915342
2679.95 0.0914406
2680.41 0.0913472
2680.87 0.0912555
2681.32 0.0911733
2681.78 0.0910911
2682.24 0.091009
2682.7 0.0909268
2683.15 0.0908447
2683.61 0.0907626
2684.07 0.0906805
2684.53 0.0905984
2684.98 0.0905163
2685.44 0.0904343
2685.9 0.0903521
2686.36 0.0902701
2686.82 0.090188
2687.27 0.090106
2687.73 0.090024
2688.19 0.089942
2688.65 0.08986
2689.11 0.0897781
2689.57 0.089696
2690.03 0.0896141
2690.48 0.0895322
2690.94 0.089448
2691.4 0.089359
2691.86 0.08927
2692.32 0.0891811
2692.78 0.0890921
2693.24 0.0890032
2693.7 0.0889143
2694.16 0.0888254
2694.62 0.0887365
2695.08 0.0886476
2695.54 0.0885588
2696.0 0.0884699
2696.46 0.0883811
2696.92 0.0882923
2697.38 0.0882036
2697.84 0.0881148
2698.3 0.0880261
2698.76 0.0879374
2699.22 0.0878487
2699.68 0.08776
2700.14 0.0876862
2700.6 0.0876474
2701.06 0.0875969
2701.52 0.0875373
2701.98 0.0874778
2702.44 0.0874182
2702.9 0.0873586
2703.36 0.087299
2703.82 0.0872394
2704.29 0.0871798
2704.75 0.0871202
2705.21 0.0870606
2705.67 0.087001
2706.13 0.0869413
2706.59 0.0868817
2707.05 0.0868221
2707.52 0.0867624
2707.98 0.0867028
2708.44 0.0866431
2708.9 0.0865835
2709.36 0.0865238
2709.83 0.0864641
2710.29 0.0864045
2710.75 0.0863449
2711.21 0.0862696
2711.67 0.0861923
2712.14 0.086115
2712.6 0.0860377
2713.06 0.0859604
2713.53 0.085883
2713.99 0.0858057
2714.45 0.0857284
2714.91 0.085651
2715.38 0.0855736
2715.84 0.0854963
2716.3 0.0854189
2716.77 0.0853415
2717.23 0.0852642
2717.69 0.0851867
2718.16 0.0851094
2718.62 0.085032
2719.08 0.0849545
2719.55 0.0848772
2720.01 0.0847997
2720.48 0.0847224
2720.94 0.0846425
2721.4 0.0845566
2721.87 0.0844707
2722.33 0.0843847
2722.8 0.0842988
2723.26 0.0842129
2723.73 0.0841269
2724.19 0.084041
2724.65 0.0839551
2725.12 0.0838691
2725.58 0.0837831
2726.05 0.0836972
2726.51 0.0836112
2726.98 0.0835252
2727.44 0.0834392
2727.91 0.0833532
2728.37 0.0832672
2728.84 0.0831812
2729.31 0.0830951
2729.77 0.0830092
2730.24 0.0829231
2730.7 0.0828371
2731.17 0.0827529
2731.63 0.0826692
2732.1 0.0825854
2732.57 0.0825016
2733.03 0.082418
2733.5 0.0823342
2733.96 0.0822504
2734.43 0.0821667
2734.9 0.0820829
2735.36 0.0819991
2735.83 0.0819154
2736.3 0.0818315
2736.76 0.0817477
2737.23 0.081664
2737.7 0.0815801
2738.16 0.0814963
2738.63 0.0814125
2739.1 0.0813287
2739.56 0.0812448
2740.03 0.081161
2740.5 0.0810772
2740.97 0.0809978
2741.43 0.0809272
2741.9 0.0808565
2742.37 0.080786
2742.84 0.0807154
2743.31 0.0806447
2743.77 0.0805741
2744.24 0.0805034
2744.71 0.0804328
2745.18 0.0803622
2745.65 0.0802915
2746.11 0.0802208
2746.58 0.0801502
2747.05 0.0800795
2747.52 0.0800088
2747.99 0.0799381
2748.46 0.0798674
2748.93 0.0797967
2749.39 0.0797261
2749.86 0.0796553
2750.33 0.0795846
2750.8 0.0795139
2751.27 0.0794553
2751.74 0.079397
2752.21 0.0793386
2752.68 0.0792803
2753.15 0.0792219
2753.62 0.0791636
2754.09 0.0791053
2754.56 0.0790469
2755.03 0.0789885
2755.5 0.0789302
2755.97 0.0788718
2756.44 0.0788134
2756.91 0.078755
2757.38 0.0786967
2757.85 0.0786382
2758.32 0.0785798
2758.79 0.0785215
2759.26 0.078463
2759.73 0.0784046
2760.2 0.0783462
2760.67 0.0782878
2761.14 0.0782295
2761.61 0.0781712
2762.08 0.0781129
2762.55 0.0780546
2763.03 0.0779963
2763.5 0.077938
2763.97 0.0778796
2764.44 0.0778213
2764.91 0.077763
2765.38 0.0777047
2765.85 0.0776463
2766.33 0.0775879
2766.8 0.0775296
2767.27 0.0774713
2767.74 0.0774129
2768.21 0.0773545
2768.69 0.0772962
2769.16 0.0772378
2769.63 0.0771794
2770.1 0.077121
2770.58 0.0770627
2771.05 0.0769982
2771.52 0.0769274
2771.99 0.0768566
2772.47 0.0767858
2772.94 0.0767149
2773.41 0.0766441
2773.89 0.0765733
2774.36 0.0765024
2774.83 0.0764315
2775.3 0.0763607
2775.78 0.0762898
2776.25 0.0762189
2776.73 0.0761481
2777.2 0.0760772
2777.67 0.0760063
2778.15 0.0759354
2778.62 0.0758645
2779.09 0.0757936
2779.57 0.0757227
2780.04 0.0756517
2780.52 0.0755808
2780.99 0.0755035
2781.46 0.0754146
2781.94 0.0753258
2782.41 0.0752369
2782.89 0.0751481
2783.36 0.0750592
2783.84 0.0749703
2784.31 0.0748815
2784.79 0.0747926
2785.26 0.0747036
2785.74 0.0746148
2786.21 0.0745259
2786.69 0.074437
2787.16 0.074348
2787.64 0.0742591
2788.11 0.0741702
2788.59 0.0740812
2789.07 0.0739923
2789.54 0.0739034
2790.02 0.0738144
2790.49 0.0737254
2790.97 0.07363
2791.44 0.0735197
2791.92 0.0734095
2792.4 0.0732992
2792.87 0.0731889
2793.35 0.0730786
2793.83 0.0729683
2794.3 0.072858
2794.78 0.0727477
2795.26 0.0726374
2795.73 0.072527
2796.21 0.0724167
2796.69 0.0723064
2797.16 0.072196
2797.64 0.0720856
2798.12 0.0719752
2798.59 0.0718649
2799.07 0.0717545
2799.55 0.0716441
2800.03 0.0715347
2800.5 0.0714416
2800.98 0.0713444
2801.46 0.0712391
2801.94 0.0711337
2802.42 0.0710281
2802.89 0.0709226
2803.37 0.070817
2803.85 0.0707114
2804.33 0.0706056
2804.81 0.0704999
2805.28 0.070394
2805.76 0.0702881
2806.24 0.0701822
2806.72 0.0700762
2807.2 0.0699701
2807.68 0.069864
2808.16 0.0697577
2808.64 0.0696515
2809.11 0.0695451
2809.59 0.0694388
2810.07 0.0693324
2810.55 0.0692259
2811.03 0.0691205
2811.51 0.0690167
2811.99 0.0689128
2812.47 0.0688088
2812.95 0.0687048
2813.43 0.0686008
2813.91 0.0684966
2814.39 0.0683925
2814.87 0.0682882
2815.35 0.0681839
2815.83 0.0680795
2816.31 0.0679751
2816.79 0.0678706
2817.27 0.0677661
2817.75 0.0676615
2818.23 0.0675569
2818.71 0.0674521
2819.19 0.0673474
2819.67 0.0672425
2820.16 0.0671376
2820.64 0.0670327
2821.12 0.0669369
2821.6 0.0668472
2822.08 0.0667575
2822.56 0.0666678
2823.04 0.066578
2823.52 0.0664882
2824.01 0.0663983
2824.49 0.0663083
2824.97 0.0662183
2825.45 0.0661283
2825.93 0.0660382
2826.41 0.065948
2826.9 0.0658579
2827.38 0.0657676
2827.86 0.0656773
2828.34 0.0655869
2828.83 0.0654965
2829.31 0.065406
2829.79 0.0653155
2830.27 0.0652231
2830.76 0.0651291
2831.24 0.0650563
2831.72 0.0649874
2832.21 0.0649183
2832.69 0.0648493
2833.17 0.0647803
2833.65 0.0647112
2834.14 0.0646421
2834.62 0.064573
2835.1 0.0645038
2835.59 0.0644346
2836.07 0.0643654
2836.56 0.0642961
2837.04 0.0642268
2837.52 0.0641574
2838.01 0.0640881
2838.49 0.0640187
2838.98 0.0639492
2839.46 0.0638798
2839.94 0.0638103
2840.43 0.0637408
2840.91 0.0636754
2841.4 0.063632
2841.88 0.0635886
2842.37 0.0635451
2842.85 0.0635017
2843.34 0.0634582
2843.82 0.0634147
2844.31 0.0633712
2844.79 0.0633277
2845.28 0.0632841
2845.76 0.0632405
2846.25 0.0631969
2846.73 0.0631533
2847.22 0.0631096
2847.7 0.063066
2848.19 0.0630223
2848.68 0.0629786
2849.16 0.0629348
2849.65 0.0628911
2850.13 0.0628473
2850.62 0.0628035
2851.11 0.0627685
2851.59 0.0627405
2852.08 0.0627126
2852.56 0.0626846
2853.05 0.0626566
2853.54 0.0626286
2854.02 0.0626006
2854.51 0.0625725
2855.0 0.0625445
2855.49 0.0625165
2855.97 0.0624884
2856.46 0.0624603
2856.95 0.0624322
2857.43 0.0624041
2857.92 0.0623759
2858.41 0.0623478
2858.9 0.0623196
2859.38 0.0622914
2859.87 0.0622633
2860.36 0.0622351
2860.85 0.0622069
2861.33 0.0621832
2861.82 0.0621596
2862.31 0.0621359
2862.8 0.0621122
2863.29 0.0620885
2863.78 0.0620648
2864.26 0.062041
2864.75 0.0620173
2865.24 0.0619936
2865.73 0.0619698
2866.22 0.061946
2866.71 0.0619222
2867.2 0.0618984
2867.69 0.0618746
2868.18 0.0618508
2868.66 0.0618269
2869.15 0.0618031
2869.64 0.0617792
2870.13 0.0617553
2870.62 0.0617314
2871.11 0.0617029
2871.6 0.0616706
2872.09 0.0616383
2872.58 0.0616059
2873.07 0.0615735
2873.56 0.0615412
2874.05 0.0615087
2874.54 0.0614763
2875.03 0.0614439
2875.52 0.0614115
2876.01 0.061379
2876.5 0.0613465
2876.99 0.061314
2877.48 0.0612815
2877.97 0.061249
2878.47 0.0612164
2878.96 0.0611839
2879.45 0.0611513
2879.94 0.0611187
2880.43 0.0610861
2880.92 0.0610506
2881.41 0.0609995
2881.9 0.0609485
2882.4 0.0608974
2882.89 0.0608462
2883.38 0.0607951
2883.87 0.0607439
2884.36 0.0606928
2884.85 0.0606415
2885.35 0.0605903
2885.84 0.0605391
2886.33 0.0604878
2886.82 0.0604365
2887.32 0.0603851
2887.81 0.0603338
2888.3 0.0602824
2888.79 0.060231
2889.29 0.0601795
2889.78 0.0601281
2890.27 0.0600766
2890.76 0.0600251
2891.26 0.0599588
2891.75 0.0598895
2892.24 0.0598202
2892.74 0.0597508
2893.23 0.0596814
2893.72 0.059612
2894.22 0.0595425
2894.71 0.059473
2895.21 0.0594035
2895.7 0.059334
2896.19 0.0592644
2896.69 0.0591947
2897.18 0.0591251
2897.68 0.0590554
2898.17 0.0589857
2898.66 0.0589159
2899.16 0.0588462
2899.65 0.0587763
2900.15 0.05871
2900.64 0.058652
2901.14 0.0585864
2901.63 0.0585152
2902.13 0.0584439
2902.62 0.0583726
2903.12 0.0583011
2903.61 0.0582296
2904.11 0.058158
2904.6 0.0580864
2905.1 0.0580146
2905.59 0.0579428
2906.09 0.057871
2906.58 0.057799
2907.08 0.057727
2907.58 0.0576549
2908.07 0.0575827
2908.57 0.0575105
2909.06 0.0574382
2909.56 0.0573658
2910.06 0.0572933
2910.55 0.0572208
2911.05 0.0571482
2911.55 0.0570757
2912.04 0.057003
2912.54 0.0569303
2913.04 0.0568576
2913.53 0.0567847
2914.03 0.0567117
2914.53 0.0566387
2915.02 0.0565657
2915.52 0.0564925
2916.02 0.0564193
2916.52 0.056346
2917.01 0.0562726
2917.51 0.0561992
2918.01 0.0561257
2918.51 0.0560521
2919.0 0.0559784
2919.5 0.0559047
2920.0 0.0558309
2920.5 0.055757
2921.0 0.055685
2921.49 0.0556181
2921.99 0.0555512
2922.49 0.0554842
2922.99 0.0554171
2923.49 0.0553499
2923.99 0.0552827
2924.48 0.0552155
2924.98 0.0551481
2925.48 0.0550807
2925.98 0.0550132
2926.48 0.0549456
2926.98 0.054878
2927.48 0.0548103
2927.98 0.0547425
2928.48 0.0546747
2928.98 0.0546068
2929.48 0.0545388
2929.98 0.0544708
2930.48 0.0544027
2930.98 0.0543364
2931.48 0.0542766
2931.98 0.0542167
2932.48 0.0541567
2932.98 0.0540966
2933.48 0.0540365
2933.98 0.0539763
2934.48 0.0539161
2934.98 0.0538558
2935.48 0.0537954
2935.98 0.053735
2936.48 0.0536745
2936.98 0.053614
2937.48 0.0535534
2937.98 0.0534927
2938.48 0.053432
2938.98 0.0533712
2939.49 0.0533103
2939.99 0.0532495
2940.49 0.0531884
2940.99 0.0531284
2941.49 0.053071
2941.99 0.0530136
2942.5 0.0529561
2943.0 0.0528986
2943.5 0.052841
2944.0 0.0527834
2944.5 0.0527257
2945.01 0.0526679
2945.51 0.0526101
2946.01 0.0525522
2946.51 0.0524942
2947.01 0.0524362
2947.52 0.0523782
2948.02 0.0523201
2948.52 0.0522619
2949.03 0.0522036
2949.53 0.0521453
2950.03 0.052087
2950.54 0.0520285
2951.04 0.0519695
2951.54 0.0519094
2952.05 0.0518493
2952.55 0.0517891
2953.05 0.0517289
2953.56 0.0516685
2954.06 0.0516082
2954.56 0.0515478
2955.07 0.0514872
2955.57 0.0514267
2956.08 0.051366
2956.58 0.0513054
2957.08 0.0512446
2957.59 0.0511838
2958.09 0.0511229
2958.6 0.051062
2959.1 0.051001
2959.61 0.05094
2960.11 0.0508789
2960.62 0.0508177
2961.12 0.0507503
2961.63 0.0506769
2962.13 0.0506034
2962.64 0.0505299
2963.14 0.0504562
2963.65 0.0503825
2964.15 0.0503088
2964.66 0.0502349
2965.16 0.050161
2965.67 0.050087
2966.18 0.050013
2966.68 0.0499388
2967.19 0.0498646
2967.69 0.0497903
2968.2 0.049716
2968.71 0.0496416
2969.21 0.0495671
2969.72 0.0494925
2970.23 0.0494179
2970.73 0.0493431
2971.24 0.0492572
2971.75 0.0491671
2972.25 0.0490769
2972.76 0.0489867
2973.27 0.0488963
2973.77 0.0488059
2974.28 0.0487154
2974.79 0.0486248
2975.3 0.0485341
2975.8 0.0484433
2976.31 0.0483525
2976.82 0.0482616
2977.33 0.0481705
2977.83 0.0480794
2978.34 0.0479882
2978.85 0.0478969
2979.36 0.0478056
2979.87 0.0477141
2980.37 0.0476226
2980.88 0.0475308
2981.39 0.0474309
2981.9 0.0473311
2982.41 0.047231
2982.92 0.047131
2983.43 0.0470308
2983.93 0.0469305
2984.44 0.0468301
2984.95 0.0467297
2985.46 0.0466291
2985.97 0.0465285
2986.48 0.0464278
2986.99 0.0463269
2987.5 0.046226
2988.01 0.046125
2988.52 0.0460239
2989.03 0.0459227
2989.54 0.0458214
2990.05 0.04572
2990.56 0.0456185
2991.07 0.0455153
2991.58 0.0454094
2992.09 0.0453034
2992.6 0.0451973
2993.11 0.0450911
2993.62 0.0449848
2994.13 0.0448784
2994.64 0.0447719
2995.15 0.0446653
2995.66 0.0445586
2996.17 0.0444518
2996.68 0.044345
2997.19 0.044238
2997.71 0.0441309
2998.22 0.0440238
2998.73 0.0439165
2999.24 0.0438091
2999.75 0.0437017
3000.26 0.0435866
3000.78 0.0434645
3001.29 0.0433415
3001.8 0.0432183
3002.31 0.043095
3002.82 0.0429717
3003.34 0.0428484
3003.85 0.0427251
3004.36 0.0426018
3004.87 0.0424785
3005.38 0.0423551
3005.9 0.0422317
3006.41 0.0421083
3006.92 0.0419849
3007.44 0.0418614
3007.95 0.0417379
3008.46 0.0416145
3008.97 0.0414909
3009.49 0.0413674
3010.0 0.0412438
3010.51 0.0411202
3011.03 0.0409931
3011.54 0.0408573
3012.06 0.0407214
3012.57 0.0405855
3013.08 0.0404496
3013.6 0.0403137
3014.11 0.0401778
3014.62 0.0400418
3015.14 0.0399058
3015.65 0.0397698
3016.17 0.0396337
3016.68 0.0394977
3017.2 0.0393616
3017.71 0.0392255
3018.23 0.0390894
3018.74 0.0389533
3019.26 0.0388171
3019.77 0.0386809
3020.29 0.0385447
3020.8 0.0384085
3021.32 0.0382343
3021.83 0.0380532
3022.35 0.0378721
3022.86 0.037691
3023.38 0.0375098
3023.89 0.0373286
3024.41 0.0371473
3024.93 0.0369661
3025.44 0.0367848
3025.96 0.0366034
3026.47 0.0364221
3026.99 0.0362408
3027.51 0.0360593
3028.02 0.0358779
3028.54 0.0356965
3029.05 0.035515
3029.57 0.0353335
3030.09 0.0351519
3030.6 0.0349703
3031.12 0.0347508
3031.64 0.0344879
3032.16 0.034225
3032.67 0.0339619
3033.19 0.0336989
3033.71 0.0334358
3034.23 0.0331726
3034.74 0.0329094
3035.26 0.0326464
3035.78 0.0323831
3036.3 0.0321198
3036.81 0.0318565
3037.33 0.0315931
3037.85 0.0313296
3038.37 0.0310662
3038.89 0.0308028
3039.4 0.0305392
3039.92 0.0302757
3040.44 0.030012
3040.96 0.0297372
3041.48 0.0293962
3042.0 0.029055
3042.52 0.0287139
3043.04 0.0283726
3043.55 0.0280313
3044.07 0.0276901
3044.59 0.0273486
3045.11 0.0270072
3045.63 0.0266658
3046.15 0.0263242
3046.67 0.0259827
3047.19 0.0256411
3047.71 0.0252994
3048.23 0.0249577
3048.75 0.0246159
3049.27 0.024274
3049.79 0.0239322
3050.31 0.0235902
3050.83 0.0232482
3051.35 0.0228924
3051.87 0.0225348
3052.39 0.0221771
3052.91 0.0218195
3053.43 0.0214617
3053.95 0.0211039
3054.47 0.020746
3055.0 0.020388
3055.52 0.0200301
3056.04 0.019672
3056.56 0.0193141
3057.08 0.0189559
3057.6 0.0185976
3058.12 0.0182394
3058.64 0.0178812
3059.17 0.0175228
3059.69 0.0171644
3060.21 0.0168059
3060.73 0.0164474
3061.25 0.0161309
3061.78 0.0158325
3062.3 0.0155343
3062.82 0.0152358
3063.34 0.0149373
3063.87 0.0146389
3064.39 0.0143404
3064.91 0.0140418
3065.43 0.0137432
3065.96 0.0134444
3066.48 0.0131459
3067.0 0.012847
3067.53 0.0125481
3068.05 0.0122493
3068.57 0.0119504
3069.09 0.0116515
3069.62 0.0113525
3070.14 0.0110534
3070.67 0.0107544
3071.19 0.010506
3071.71 0.010296
3072.24 0.010086
3072.76 0.00987609
3073.29 0.00966603
3073.81 0.00945599
3074.33 0.00924595
3074.86 0.00903581
3075.38 0.00882558
3075.91 0.00861546
3076.43 0.00840524
3076.96 0.00819503
3077.48 0.00798472
3078.01 0.00777442
3078.53 0.00756412
3079.06 0.00735372
3079.58 0.00714334
3080.11 0.00693295
3080.63 0.00672248
3081.16 0.00655033
3081.68 0.00641652
3082.21 0.00628271
3082.73 0.00614891
3083.26 0.00601511
3083.79 0.00588125
3084.31 0.00574733
3084.84 0.00561342
3085.36 0.00547951
3085.89 0.0053456
3086.42 0.00521163
3086.94 0.00507766
3087.47 0.00494364
3088.0 0.00480962
3088.52 0.0046756
3089.05 0.00454152
3089.58 0.00440744
3090.1 0.00427337
3090.63 0.00413924
3091.16 0.00403133
3091.68 0.00395027
3092.21 0.00386921
3092.74 0.00378815
3093.27 0.00370706
3093.79 0.00362596
3094.32 0.00354487
3094.85 0.00346375
3095.38 0.00338263
3095.91 0.0033015
3096.43 0.00322035
3096.96 0.00313915
3097.49 0.003058
3098.02 0.00297681
3098.55 0.00289562
3099.08 0.0028144
3099.6 0.00273318
3100.13 0.00265196
3100.66 0.0025707
3101.19 0.00250713
3101.72 0.00245812
3102.25 0.00240908
3102.78 0.00236004
3103.31 0.00231098
3103.84 0.00226192
3104.37 0.00221286
3104.89 0.00216379
3105.42 0.00211471
3105.95 0.00206561
3106.48 0.00201651
3107.01 0.00196741
3107.54 0.00191832
3108.07 0.0018692
3108.6 0.00182006
3109.13 0.00177095
3109.66 0.00172181
3110.19 0.00167265
3110.73 0.0016235
3111.26 0.00158733
3111.79 0.00155765
3112.32 0.00152797
3112.85 0.00149827
3113.38 0.00146857
3113.91 0.00143889
3114.44 0.00140918
3114.97 0.00137948
3115.5 0.00134977
3116.03 0.00132005
3116.57 0.00129034
3117.1 0.00126061
3117.63 0.00123089
3118.16 0.00120115
3118.69 0.00117143
3119.22 0.00114168
3119.76 0.00111193
3120.29 0.00108219
3120.82 0.00105243
3121.35 0.00103209
3121.89 0.00101349
3122.42 0.000994887
3122.95 0.000976288
3123.48 0.00095768
3124.02 0.000939073
3124.55 0.000920457
3125.08 0.000901842
3125.62 0.000883228
3126.15 0.000864614
3126.68 0.000845992
3127.21 0.000827362
3127.75 0.000808732
3128.28 0.000790103
3128.82 0.000771474
3129.35 0.000752838
3129.88 0.000734201
3130.42 0.000715557
3130.95 0.000697491
3131.48 0.000685923
3132.02 0.000674356
3132.55 0.000662789
3133.09 0.000651222
3133.62 0.00063965
3134.16 0.000628078
3134.69 0.000616501
3135.23 0.000604925
3135.76 0.000593349
3136.29 0.000581768
3136.83 0.000570187
3137.36 0.000558607
3137.9 0.000547021
3138.43 0.000535436
3138.97 0.000523846
3139.51 0.000512256
3140.04 0.000500666
3140.58 0.000489077
3141.11 0.000478892
3141.65 0.00047104
3142.18 0.000463185
3142.72 0.000455331
3143.26 0.000447477
3143.79 0.000439615
3144.33 0.000431758
3144.86 0.000423897
3145.4 0.00041604
3145.94 0.000408176
3146.47 0.000400312
3147.01 0.000392448
3147.55 0.000384581
3148.08 0.000376718
3148.62 0.000368848
3149.16 0.000360978
3149.7 0.000353108
3150.23 0.000345238
3150.77 0.000337365
3151.31 0.000331739
3151.84 0.000326922
3152.38 0.000322105
3152.92 0.000317288
3153.46 0.000312472
3154.0 0.000307651
3154.53 0.000302832
3155.07 0.000298014
3155.61 0.000293191
3156.15 0.00028837
3156.69 0.000283546
3157.22 0.000278723
3157.76 0.000273901
3158.3 0.000269077
3158.84 0.000264251
3159.38 0.000259425
3159.92 0.000254598
3160.46 0.000249772
3161.0 0.000245121
3161.54 0.000241463
3162.07 0.000237805
3162.61 0.000234149
3163.15 0.00023049
3163.69 0.000226831
3164.23 0.000223172
3164.77 0.000219514
3165.31 0.000215853
3165.85 0.000212191
3166.39 0.00020853
3166.93 0.000204868
3167.47 0.000201206
3168.01 0.000197543
3168.55 0.00019388
3169.09 0.000190215
3169.63 0.000186553
3170.17 0.000182887
3170.71 0.00017922
3171.26 0.000176024
3171.8 0.000173107
3172.34 0.000170191
3172.88 0.000167275
3173.42 0.000164357
3173.96 0.000161439
3174.5 0.000158521
3175.04 0.000155602
3175.58 0.000152683
3176.13 0.000149763
3176.67 0.000146843
3177.21 0.000143923
3177.75 0.000141001
3178.29 0.00013808
3178.84 0.000135159
3179.38 0.000132237
3179.92 0.000129315
3180.46 0.000126391
3181.01 0.000123711
3181.55 0.00012233
3182.09 0.000120949
3182.63 0.000119567
3183.18 0.000118185
3183.72 0.000116803
3184.26 0.000115421
3184.81 0.000114038
3185.35 0.000112656
3185.89 0.000111273
3186.44 0.00010989
3186.98 0.000108507
3187.52 0.000107124
3188.07 0.00010574
3188.61 0.000104356
3189.15 0.000102972
3189.7 0.000101588
3190.24 0.000100204
3190.79 9.88188e-05
3191.33 9.75094e-05
3191.87 9.62253e-05
3192.42 9.49401e-05
3192.96 9.36555e-05
3193.51 9.23703e-05
3194.05 9.10852e-05
3194.6 8.98002e-05
3195.14 8.85145e-05
3195.69 8.7229e-05
3196.23 8.59429e-05
3196.78 8.46574e-05
3197.32 8.33708e-05
3197.87 8.20842e-05
3198.41 8.07976e-05
3198.96 7.95111e-05
3199.5 7.82241e-05
3200.05 7.69366e-05
3200.6 7.56444e-05
3201.14 7.4573e-05
3201.69 7.3836e-05
3202.23 7.30988e-05
3202.78 7.23617e-05
3203.33 7.16244e-05
3203.87 7.08872e-05
3204.42 7.01504e-05
3204.97 6.94131e-05
3205.51 6.86759e-05
3206.06 6.79385e-05
3206.61 6.72015e-05
3207.15 6.6464e-05
3207.7 6.57269e-05
3208.25 6.49896e-05
3208.79 6.42521e-05
3209.34 6.3515e-05
3209.89 6.27777e-05
3210.44 6.20401e-05
3210.98 6.12819e-05
3211.53 6.03425e-05
3212.08 5.94032e-05
3212.63 5.84633e-05
3213.18 5.75239e-05
3213.72 5.65841e-05
3214.27 5.56446e-05
3214.82 5.47052e-05
3215.37 5.37655e-05
3215.92 5.28256e-05
3216.46 5.18862e-05
3217.01 5.09465e-05
3217.56 5.00066e-05
3218.11 4.90668e-05
3218.66 4.81271e-05
3219.21 4.71876e-05
3219.76 4.62478e-05
3220.31 4.53078e-05
3220.86 4.43678e-05
3221.41 4.40087e-05
3221.95 4.37396e-05
3222.5 4.34705e-05
3223.05 4.32012e-05
3223.6 4.29321e-05
3224.15 4.2663e-05
3224.7 4.23938e-05
3225.25 4.21246e-05
3225.8 4.18555e-05
3226.35 4.15864e-05
3226.9 4.13172e-05
3227.45 4.10479e-05
3228.01 4.07787e-05
3228.56 4.05095e-05
3229.11 4.02404e-05
3229.66 3.99711e-05
3230.21 3.9702e-05
3230.76 3.94327e-05
3231.31 3.90507e-05
3231.86 3.86167e-05
3232.41 3.81827e-05
3232.96 3.77485e-05
3233.51 3.73145e-05
3234.07 3.68805e-05
3234.62 3.64465e-05
3235.17 3.60123e-05
3235.72 3.55781e-05
3236.27 3.51441e-05
3236.83 3.471e-05
3237.38 3.42759e-05
3237.93 3.38417e-05
3238.48 3.34076e-05
3239.03 3.29736e-05
3239.59 3.25394e-05
3240.14 3.21053e-05
3240.69 3.16711e-05
3241.24 3.12035e-05
3241.8 3.07097e-05
3242.35 3.02158e-05
3242.9 2.9722e-05
3243.46 2.9228e-05
3244.01 2.87342e-05
3244.56 2.82403e-05
3245.12 2.77464e-05
3245.67 2.72525e-05
3246.22 2.67585e-05
3246.78 2.62647e-05
3247.33 2.57709e-05
3247.88 2.52769e-05
3248.44 2.47829e-05
3248.99 2.42891e-05
3249.55 2.37951e-05
3250.1 2.33009e-05
3250.66 2.28071e-05
3251.21 2.25781e-05
3251.76 2.26234e-05
3252.32 2.26687e-05
3252.87 2.2714e-05
3253.43 2.27593e-05
3253.98 2.28046e-05
3254.54 2.28499e-05
3255.09 2.28952e-05
3255.65 2.29405e-05
3256.2 2.29858e-05
3256.76 2.30311e-05
3257.31 2.30764e-05
3257.87 2.31217e-05
3258.43 2.31671e-05
3258.98 2.32124e-05
3259.54 2.32577e-05
3260.09 2.3303e-05
3260.65 2.33483e-05
3261.21 2.31579e-05
3261.76 2.27102e-05
3262.32 2.22624e-05
3262.88 2.18147e-05
3263.43 2.13668e-05
3263.99 2.09192e-05
3264.54 2.04715e-05
3265.1 2.00237e-05
3265.66 1.95759e-05
3266.22 1.9128e-05
3266.77 1.86803e-05
3267.33 1.82324e-05
3267.89 1.77847e-05
3268.44 1.73369e-05
3269.0 1.68891e-05
3269.56 1.64413e-05
3270.12 1.59933e-05
3270.67 1.55455e-05
3271.23 1.53226e-05
3271.79 1.53073e-05
3272.35 1.52921e-05
3272.91 1.52768e-05
3273.47 1.52616e-05
3274.02 1.52464e-05
3274.58 1.52311e-05
3275.14 1.52159e-05
3275.7 1.52006e-05
3276.26 1.51854e-05
3276.82 1.51701e-05
3277.38 1.51549e-05
3277.93 1.51396e-05
3278.49 1.51244e-05
3279.05 1.51091e-05
3279.61 1.50939e-05
3280.17 1.50786e-05
3280.73 1.50634e-05
3281.29 1.50316e-05
3281.85 1.49895e-05
3282.41 1.49474e-05
3282.97 1.49053e-05
3283.53 1.48632e-05
3284.09 1.48211e-05
3284.65 1.4779e-05
3285.21 1.47369e-05
3285.77 1.46948e-05
3286.33 1.46527e-05
3286.89 1.46106e-05
3287.45 1.45685e-05
3288.01 1.45264e-05
3288.57 1.44843e-05
3289.13 1.44422e-05
3289.7 1.44001e-05
3290.26 1.4358e-05
3290.82 1.43159e-05
3291.38 1.4146e-05
3291.94 1.39375e-05
3292.5 1.37289e-05
3293.06 1.35203e-05
3293.62 1.33118e-05
3294.19 1.31032e-05
3294.75 1.28947e-05
3295.31 1.26861e-05
3295.87 1.24775e-05
3296.43 1.2269e-05
3297.0 1.20604e-05
3297.56 1.18518e-05
3298.12 1.16433e-05
3298.68 1.14347e-05
3299.25 1.12261e-05
3299.81 1.10176e-05
3300.37 1.08089e-05
3300.94 1.06003e-05
3301.5 1.04317e-05
3302.06 1.02642e-05
3302.62 1.00966e-05
3303.19 9.92906e-06
3303.75 9.76147e-06
3304.31 9.59392e-06
3304.88 9.42639e-06
3305.44 9.25881e-06
3306.01 9.09119e-06
3306.57 8.92367e-06
3307.13 8.7561e-06
3307.7 8.58856e-06
3308.26 8.42098e-06
3308.83 8.25334e-06
3309.39 8.08581e-06
3309.95 7.91823e-06
3310.52 7.75068e-06
3311.08 7.61991e-06
3311.65 7.61093e-06
3312.21 7.60195e-06
3312.78 7.59297e-06
3313.34 7.584e-06
3313.91 7.57502e-06
3314.47 7.56604e-06
3315.04 7.55706e-06
3315.6 7.54808e-06
3316.17 7.5391e-06
3316.74 7.53012e-06
3317.3 7.52114e-06
3317.87 7.51216e-06
3318.43 7.50318e-06
3319.0 7.4942e-06
3319.57 7.48521e-06
3320.13 7.47624e-06
3320.7 7.46725e-06
3321.26 7.42622e-06
3321.83 7.35845e-06
3322.4 7.29067e-06
3322.96 7.2229e-06
3323.53 7.15514e-06
3324.1 7.08736e-06
3324.66 7.01957e-06
3325.23 6.95181e-06
3325.8 6.88404e-06
3326.37 6.81624e-06
3326.93 6.74846e-06
3327.5 6.68072e-06
3328.07 6.61293e-06
3328.64 6.54515e-06
3329.2 6.47735e-06
3329.77 6.40956e-06
3330.34 6.34179e-06
3330.91 6.27399e-06
3331.48 6.20621e-06
3332.04 6.13844e-06
3332.61 6.07065e-06
3333.18 6.00287e-06
3333.75 5.93507e-06
3334.32 5.86728e-06
3334.89 5.7995e-06
3335.46 5.73171e-06
3336.02 5.66392e-06
3336.59 5.59612e-06
3337.16 5.52833e-06
3337.73 5.46055e-06
3338.3 5.39275e-06
3338.87 5.32496e-06
3339.44 5.25716e-06
3340.01 5.18936e-06
3340.58 5.12158e-06
3341.15 5.06016e-06
3341.72 5.01173e-06
3342.29 4.96328e-06
3342.86 4.91486e-06
3343.43 4.86641e-06
3344.0 4.81796e-06
3344.57 4.76952e-06
3345.14 4.72107e-06
3345.71 4.67265e-06
3346.28 4.62419e-06
3346.85 4.57574e-06
3347.42 4.5273e-06
3347.99 4.47887e-06
3348.56 4.43042e-06
3349.14 4.38196e-06
3349.71 4.33353e-06
3350.28 4.28507e-06
3350.85 4.23663e-06
3351.42 4.18819e-06
3351.99 4.13975e-06
3352.56 4.09129e-06
3353.14 4.04285e-06
3353.71 3.99439e-06
3354.28 3.94594e-06
3354.85 3.8975e-06
3355.42 3.84904e-06
3356.0 3.80059e-06
3356.57 3.75215e-06
3357.14 3.70368e-06
3357.71 3.65524e-06
3358.29 3.6068e-06
3358.86 3.55833e-06
3359.43 3.50989e-06
3360.01 3.46143e-06
3360.58 3.41296e-06
3361.15 3.36854e-06
3361.72 3.33246e-06
3362.3 3.29637e-06
3362.87 3.26028e-06
3363.45 3.2242e-06
3364.02 3.18811e-06
3364.59 3.15203e-06
3365.17 3.11593e-06
3365.74 3.07984e-06
3366.31 3.04376e-06
3366.89 3.00767e-06
3367.46 2.97158e-06
3368.04 2.93549e-06
3368.61 2.8994e-06
3369.19 2.86332e-06
3369.76 2.82722e-06
3370.34 2.79114e-06
3370.91 2.75504e-06
3371.49 2.71896e-06
3372.06 2.68287e-06
3372.64 2.64677e-06
3373.21 2.61068e-06
3373.79 2.57459e-06
3374.36 2.53851e-06
3374.94 2.50241e-06
3375.51 2.46632e-06
3376.09 2.43023e-06
3376.66 2.39414e-06
3377.24 2.35805e-06
3377.82 2.32195e-06
3378.39 2.28585e-06
3378.97 2.24976e-06
3379.55 2.21368e-06
3380.12 2.17758e-06
3380.7 2.14148e-06
3381.27 2.11189e-06
3381.85 2.08815e-06
3382.43 2.06439e-06
3383.01 2.04063e-06
3383.58 2.01687e-06
3384.16 1.99311e-06
3384.74 1.96936e-06
3385.31 1.9456e-06
3385.89 1.92184e-06
3386.47 1.89808e-06
3387.05 1.87433e-06
3387.62 1.85057e-06
3388.2 1.82681e-06
3388.78 1.80305e-06
3389.36 1.77929e-06
3389.94 1.75553e-06
3390.51 1.73178e-06
3391.09 1.70801e-06
3391.67 1.68426e-06
3392.25 1.6605e-06
3392.83 1.63674e-06
3393.41 1.61297e-06
3393.99 1.58922e-06
3394.56 1.56545e-06
3395.14 1.5417e-06
3395.72 1.51793e-06
3396.3 1.49418e-06
3396.88 1.47041e-06
3397.46 1.44665e-06
3398.04 1.4229e-06
3398.62 1.39913e-06
3399.2 1.37536e-06
3399.78 1.3516e-06
3400.36 1.3276e-06
3400.94 1.30345e-06
3401.52 1.28788e-06
3402.1 1.27291e-06
3402.68 1.25796e-06
3403.26 1.24301e-06
3403.84 1.22807e-06
3404.42 1.21313e-06
3405.0 1.1982e-06
3405.58 1.18329e-06
3406.16 1.16839e-06
3406.74 1.15349e-06
3407.32 1.1386e-06
3407.91 1.12372e-06
3856.44 1.13286e-06
3857.09 1.15903e-06
3857.75 1.18522e-06
3858.41 1.21143e-06
3859.07 1.23767e-06
3859.73 1.26393e-06
3860.39 1.29022e-06
3861.04 1.31653e-06
3861.7 1.41988e-06
3862.36 1.52978e-06
3863.02 1.63977e-06
3863.68 1.74988e-06
3864.34 1.86007e-06
3865.0 1.97039e-06
3865.66 2.08078e-06
3866.32 2.1913e-06
3866.97 2.3019e-06
3867.63 2.41259e-06
3868.29 2.52339e-06
3868.95 2.63432e-06
3869.61 2.74533e-06
3870.27 2.85642e-06
3870.93 2.96764e-06
3871.59 3.07894e-06
3872.25 3.19036e-06
3872.91 3.3019e-06
3873.58 3.41349e-06
3874.24 3.5252e-06
3874.9 3.63703e-06
3875.56 3.74894e-06
3876.22 3.86094e-06
3876.88 3.97306e-06
3877.54 4.0853e-06
3878.2 4.19763e-06
3878.86 4.31004e-06
3879.53 4.42257e-06
3880.19 4.53519e-06
3880.85 4.64792e-06
3881.51 4.95491e-06
3882.17 5.38059e-06
3882.83 5.80689e-06
3883.5 6.23335e-06
3884.16 6.66045e-06
3884.82 7.08769e-06
3885.48 7.51542e-06
3886.15 7.94345e-06
3886.81 8.37212e-06
3887.47 8.80094e-06
3888.14 9.23008e-06
3888.8 9.65986e-06
3889.46 1.00899e-05
3890.13 1.05203e-05
3890.79 1.09512e-05
3891.45 1.13824e-05
3892.12 1.18139e-05
3892.78 1.2246e-05
3893.44 1.26783e-05
3894.11 1.31111e-05
3894.77 1.35444e-05
3895.44 1.39779e-05
3896.1 1.44118e-05
3896.77 1.48461e-05
3897.43 1.52808e-05
3898.1 1.5716e-05
3898.76 1.61514e-05
3899.43 1.65874e-05
3900.09 1.70236e-05
3900.76 1.74603e-05
3901.42 1.78784e-05
3902.09 1.82758e-05
3902.75 1.86736e-05
3903.42 1.90716e-05
3904.08 1.94701e-05
3904.75 1.9869e-05
3905.42 2.02682e-05
3906.08 2.06677e-05
3906.75 2.10676e-05
3907.41 2.14678e-05
3908.08 2.18684e-05
3908.75 2.22695e-05
3909.41 2.26707e-05
3910.08 2.30724e-05
3910.75 2.34744e-05
3911.41 2.38768e-05
3912.08 2.42795e-05
3912.75 2.46825e-05
3913.42 2.50861e-05
3914.08 2.54899e-05
3914.75 2.58941e-05
3915.42 2.62985e-05
3916.09 2.67035e-05
3916.75 2.71087e-05
3917.42 2.75143e-05
3918.09 2.79201e-05
3918.76 2.83265e-05
3919.43 2.87331e-05
3920.1 2.91403e-05
3920.76 2.95477e-05
3921.43 2.95487e-05
3922.1 2.91143e-05
3922.77 2.86796e-05
3923.44 2.82444e-05
3924.11 2.78089e-05
3924.78 2.7373e-05
3925.45 2.69367e-05
3926.12 2.65e-05
3926.79 2.60629e-05
3927.46 2.56255e-05
3928.13 2.51875e-05
3928.8 2.47491e-05
3929.47 2.43105e-05
3930.14 2.38712e-05
3930.81 2.34318e-05
3931.48 2.29919e-05
3932.15 2.25515e-05
3932.82 2.21108e-05
3933.49 2.16698e-05
3934.16 2.12283e-05
3934.83 2.07862e-05
3935.5 2.03439e-05
3936.17 1.99011e-05
3936.85 1.94581e-05
3937.52 1.90146e-05
3938.19 1.85706e-05
3938.86 1.81262e-05
3939.53 1.76816e-05
3940.2 1.72364e-05
3940.88 1.67908e-05
3941.55 1.6394e-05
3942.22 1.6024e-05
3942.89 1.56537e-05
3943.57 1.52831e-05
3944.24 1.4912e-05
3944.91 1.45408e-05
3945.58 1.41691e-05
3946.26 1.37972e-05
3946.93 1.34249e-05
3947.6 1.30521e-05
3948.28 1.26791e-05
3948.95 1.23058e-05
3949.62 1.19322e-05
3950.3 1.15582e-05
3950.97 1.11838e-05
3951.64 1.08092e-05
3952.32 1.04341e-05
3952.99 1.00588e-05
3953.67 9.68301e-06
3954.34 9.30699e-06
3955.02 8.93071e-06
3955.69 8.55401e-06
3956.36 8.1769e-06
3957.04 7.79952e-06
3957.71 7.42186e-06
3958.39 7.0438e-06
3959.06 6.66546e-06
3959.74 6.28671e-06
3960.42 5.90755e-06
3961.09 5.52825e-06
3961.77 5.43525e-06
3962.44 5.35552e-06
3963.12 5.27573e-06
3963.79 5.19589e-06
3964.47 5.11595e-06
3965.15 5.03593e-06
3965.82 4.95585e-06
3966.5 4.87569e-06
3967.18 4.79546e-06
3967.85 4.71518e-06
3968.53 4.63478e-06
3969.21 4.55435e-06
3969.88 4.47383e-06
3970.56 4.39325e-06
3971.24 4.31258e-06
3971.91 4.23182e-06
3972.59 4.15101e-06
3973.27 4.07016e-06
3973.95 3.9892e-06
3974.62 3.90816e-06
3975.3 3.82705e-06
3975.98 3.74591e-06
3976.66 3.66466e-06
3977.34 3.58331e-06
3978.02 3.50194e-06
3978.69 3.42045e-06
3979.37 3.33894e-06
3980.05 3.25733e-06
3980.73 3.17563e-06
3981.41 3.11786e-06
3982.09 3.09353e-06
3982.77 3.06918e-06
3983.45 3.0448e-06
3984.13 3.0204e-06
3984.81 2.99597e-06
3985.49 2.97154e-06
3986.17 2.94706e-06
3986.84 2.92257e-06
3987.52 2.89806e-06
3988.2 2.87354e-06
3988.89 2.84898e-06
3989.57 2.8244e-06
3990.25 2.7998e-06
3990.93 2.77517e-06
3991.61 2.75053e-06
3992.29 2.72586e-06
3992.97 2.70117e-06
3993.65 2.67645e-06
3994.33 2.65171e-06
3995.01 2.62696e-06
3995.69 2.60218e-06
3996.38 2.57737e-06
3997.06 2.55254e-06
3997.74 2.5277e-06
3998.42 2.50282e-06
3999.1 2.47793e-06
3999.78 2.45302e-06
4000.47 2.42765e-06
4001.15 2.40255e-06
4001.83 2.39436e-06
4002.51 2.38617e-06
4003.2 2.37797e-06
4003.88 2.36977e-06
4004.56 2.36156e-06
4005.25 2.35335e-06
4005.93 2.34514e-06
4006.61 2.33693e-06
4007.3 2.32872e-06
4007.98 2.3205e-06
4008.66 2.31227e-06
4009.35 2.30405e-06
4010.03 2.29582e-06
4010.71 2.28759e-06
4011.4 2.27935e-06
4012.08 2.27111e-06
4012.77 2.26286e-06
4013.45 2.25462e-06
4014.14 2.24637e-06
4014.82 2.23812e-06
4015.5 2.22986e-06
4016.19 2.2216e-06
4016.87 2.21334e-06
4017.56 2.20508e-06
4018.25 2.19681e-06
4018.93 2.18854e-06
4019.62 2.18027e-06
4020.3 2.17199e-06
4020.99 2.16371e-06
4021.67 2.16261e-06
4022.36 2.16352e-06
4023.04 2.16442e-06
4023.73 2.16532e-06
4024.42 2.16622e-06
4025.1 2.16713e-06
4025.79 2.16803e-06
4026.48 2.16894e-06
4027.16 2.16984e-06
4027.85 2.17075e-06
4028.54 2.17165e-06
4029.22 2.17256e-06
4029.91 2.17346e-06
4030.6 2.17445e-06
4031.29 2.17545e-06
4031.97 2.17645e-06
4032.66 2.17745e-06
4033.35 2.17845e-06
4034.04 2.17945e-06
4034.73 2.18045e-06
4035.41 2.18145e-06
4036.1 2.18245e-06
4036.79 2.18345e-06
4037.48 2.18445e-06
4038.17 2.18546e-06
4038.86 2.18646e-06
4039.55 2.18746e-06
4040.23 2.18846e-06
4040.92 2.18947e-06
4041.61 2.19855e-06
4042.3 2.21139e-06
4042.99 2.22423e-06
4043.68 2.23708e-06
4044.37 2.24992e-06
4045.06 2.26278e-06
4045.75 2.27564e-06
4046.44 2.28851e-06
4047.13 2.30138e-06
4047.82 2.31426e-06
4048.51 2.32714e-06
4049.2 2.34004e-06
4049.89 2.35293e-06
4050.58 2.36583e-06
4051.27 2.37873e-06
4051.97 2.39165e-06
4052.66 2.40456e-06
4053.35 2.41748e-06
4054.04 2.43041e-06
4054.73 2.44335e-06
4055.42 2.45629e-06
4056.11 2.46923e-06
4056.81 2.48218e-06
4057.5 2.49513e-06
4058.19 2.5081e-06
4058.88 2.52106e-06
4059.57 2.53404e-06
4060.27 2.54702e-06
4060.96 2.56e-06
4061.65 2.5837e-06
4062.34 2.61138e-06
4063.04 2.63908e-06
4063.73 2.66679e-06
4064.42 2.69452e-06
4065.12 2.72226e-06
4065.81 2.75e-06
4066.5 2.77776e-06
4067.2 2.80554e-06
4067.89 2.83333e-06
4068.58 2.86113e-06
4069.28 2.88893e-06
4069.97 2.91676e-06
4070.67 2.94459e-06
4071.36 2.97243e-06
4072.06 3.0003e-06
4072.75 3.02816e-06
4073.44 3.05604e-06
4074.14 3.08394e-06
4074.83 3.11185e-06
4075.53 3.13976e-06
4076.22 3.16769e-06
4076.92 3.19564e-06
4077.61 3.2236e-06
4078.31 3.25157e-06
4079.01 3.27954e-06
4079.7 3.30753e-06
4080.4 3.33554e-06
4081.09 3.36355e-06
4081.79 3.41931e-06
4082.49 3.47765e-06
4083.18 3.53604e-06
4083.88 3.59442e-06
4084.58 3.65285e-06
4085.27 3.71126e-06
4085.97 3.76975e-06
4086.67 3.82823e-06
4087.36 3.88677e-06
4088.06 3.94529e-06
4088.76 4.00388e-06
4089.45 4.06247e-06
4090.15 4.12109e-06
4090.85 4.17975e-06
4091.55 4.2384e-06
4092.24 4.29711e-06
4092.94 4.35583e-06
4093.64 4.41459e-06
4094.34 4.47335e-06
4095.04 4.53214e-06
4095.74 4.59097e-06
4096.43 4.64983e-06
4097.13 4.70872e-06
4097.83 4.76761e-06
4098.53 4.82652e-06
4099.23 4.88549e-06
4099.93 4.94448e-06
4100.63 5.00348e-06
4101.33 5.07613e-06
4102.03 5.19119e-06
4102.73 5.30629e-06
4103.43 5.42142e-06
4104.13 5.53658e-06
4104.83 5.65185e-06
4105.53 5.76715e-06
4106.23 5.88249e-06
4106.93 5.99785e-06
4107.63 6.11333e-06
4108.33 6.22883e-06
4109.03 6.34437e-06
4109.73 6.45994e-06
4110.43 6.57553e-06
4111.13 6.69124e-06
4111.83 6.80705e-06
4112.53 6.92282e-06
4113.24 7.03862e-06
4113.94 7.15453e-06
4114.64 7.27047e-06
4115.34 7.38644e-06
4116.04 7.50252e-06
4116.75 7.61863e-06
4117.45 7.73477e-06
4118.15 7.85095e-06
4118.85 7.96724e-06
4119.55 8.08347e-06
4120.26 8.19982e-06
4120.96 8.31619e-06
4121.66 8.47118e-06
4122.37 8.64185e-06
4123.07 8.81246e-06
4123.77 8.98334e-06
4124.48 9.15415e-06
4125.18 9.32513e-06
4125.88 9.49615e-06
4126.59 9.66721e-06
4127.29 9.83844e-06
4127.99 1.00096e-05
4128.7 1.01809e-05
4129.4 1.03523e-05
4130.11 1.05238e-05
4130.81 1.06954e-05
4131.52 1.0867e-05
4132.22 1.10385e-05
4132.92 1.12104e-05
4133.63 1.13822e-05
4134.33 1.15541e-05
4135.04 1.17261e-05
4135.75 1.18981e-05
4136.45 1.20703e-05
4137.16 1.22425e-05
4137.86 1.24148e-05
4138.57 1.25871e-05
4139.27 1.27595e-05
4139.98 1.2932e-05
4140.69 1.31046e-05
4141.39 1.3249e-05
4142.1 1.33328e-05
4142.8 1.34166e-05
4143.51 1.35005e-05
4144.22 1.35843e-05
4144.92 1.36683e-05
4145.63 1.37523e-05
4146.34 1.38363e-05
4147.05 1.39203e-05
4147.75 1.40044e-05
4148.46 1.40884e-05
4149.17 1.41726e-05
4149.88 1.42568e-05
4150.58 1.4341e-05
4151.29 1.44253e-05
4152.0 1.45095e-05
4152.71 1.45939e-05
4153.42 1.46782e-05
4154.12 1.47626e-05
4154.83 1.4847e-05
4155.54 1.49315e-05
4156.25 1.5016e-05
4156.96 1.51005e-05
4157.67 1.51851e-05
4158.38 1.52697e-05
4159.09 1.53544e-05
4159.8 1.54391e-05
4160.51 1.55238e-05
4161.22 1.55966e-05
4161.93 1.54821e-05
4162.63 1.53677e-05
4163.35 1.52531e-05
4164.06 1.51386e-05
4164.77 1.5024e-05
4165.48 1.49094e-05
4166.19 1.47947e-05
4166.9 1.46798e-05
4167.61 1.45651e-05
4168.32 1.44502e-05
4169.03 1.43353e-05
4169.74 1.42203e-05
4170.45 1.41053e-05
4171.16 1.39903e-05
4171.87 1.38751e-05
4172.59 1.37599e-05
4173.3 1.36447e-05
4174.01 1.35294e-05
4174.72 1.34141e-05
4175.43 1.32987e-05
4176.15 1.31833e-05
4176.86 1.30678e-05
4177.57 1.29523e-05
4178.28 1.28367e-05
4179.0 1.27211e-05
4179.71 1.26054e-05
4180.42 1.24897e-05
4181.13 1.23739e-05
4181.85 1.221e-05
4182.56 1.20429e-05
4183.27 1.18758e-05
4183.99 1.17086e-05
4184.7 1.15414e-05
4185.41 1.1374e-05
4186.13 1.12066e-05
4186.84 1.10391e-05
4187.56 1.08715e-05
4188.27 1.07039e-05
4188.99 1.05361e-05
4189.7 1.03683e-05
4190.41 1.02005e-05
4191.13 1.00325e-05
4191.84 9.8645e-06
4192.56 9.69643e-06
4193.27 9.52832e-06
4193.99 9.36006e-06
4194.7 9.19175e-06
4195.42 9.02328e-06
4196.14 8.85488e-06
4196.85 8.68632e-06
4197.57 8.51772e-06
4198.28 8.34907e-06
4199.0 8.18027e-06
4199.71 8.01153e-06
4200.43 7.84263e-06
4201.15 7.67357e-06
4201.86 7.56904e-06
4202.58 7.46778e-06
4203.3 7.36649e-06
4204.01 7.26518e-06
4204.73 7.16377e-06
4205.45 7.0624e-06
4206.17 6.96094e-06
4206.88 6.85945e-06
4207.6 6.75787e-06
4208.32 6.65626e-06
4209.04 6.55462e-06
4209.75 6.45296e-06
4210.47 6.35127e-06
4211.19 6.24948e-06
4211.91 6.14766e-06
4212.63 6.04582e-06
4213.35 5.94388e-06
4214.06 5.84192e-06
4214.78 5.73992e-06
4215.5 5.63791e-06
4216.22 5.53586e-06
4216.94 5.43372e-06
4217.66 5.33155e-06
4218.38 5.22929e-06
4219.1 5.12707e-06
4219.82 5.02475e-06
4220.54 4.9224e-06
4221.26 4.82493e-06
4221.98 4.77371e-06
4222.7 4.7225e-06
4223.42 4.67125e-06
4224.14 4.61995e-06
4224.86 4.56868e-06
4225.58 4.51735e-06
4226.3 4.46601e-06
4227.02 4.41466e-06
4227.74 4.36326e-06
4228.46 4.31184e-06
4229.18 4.26042e-06
4229.91 4.20898e-06
4230.63 4.15738e-06
4231.35 4.1058e-06
4232.07 4.05414e-06
4232.79 4.0025e-06
4233.51 3.95085e-06
4234.24 3.89916e-06
4234.96 3.84745e-06
4235.68 3.79574e-06
4236.4 3.74398e-06
4237.13 3.69221e-06
4237.85 3.64042e-06
4238.57 3.58863e-06
4239.29 3.53679e-06
4240.02 3.48498e-06
4240.74 3.43308e-06
4241.46 3.39003e-06
4242.19 3.36183e-06
4242.91 3.3336e-06
4243.63 3.30537e-06
4244.36 3.27711e-06
4245.08 3.24887e-06
4245.81 3.2206e-06
4246.53 3.19232e-06
4247.25 3.16402e-06
4247.98 3.13574e-06
4248.7 3.10742e-06
4249.43 3.07911e-06
4250.15 3.05078e-06
4250.88 3.02243e-06
4251.6 2.99408e-06
4252.33 2.96572e-06
4253.05 2.93735e-06
4253.78 2.90896e-06
4254.5 2.88056e-06
4255.23 2.85216e-06
4255.96 2.82375e-06
4256.68 2.79532e-06
4257.41 2.76688e-06
4258.13 2.73843e-06
4258.86 2.70998e-06
4259.59 2.6815e-06
4260.31 2.65302e-06
4261.04 2.62453e-06
4261.77 2.60678e-06
4262.49 2.59205e-06
4263.22 2.57732e-06
4263.95 2.56257e-06
4264.67 2.54783e-06
4265.4 2.53309e-06
4266.13 2.51834e-06
4266.86 2.50357e-06
4267.58 2.48881e-06
4268.31 2.47403e-06
4269.04 2.45926e-06
4269.77 2.44448e-06
4270.5 2.42968e-06
4271.23 2.4149e-06
4271.95 2.4001e-06
4272.68 2.3853e-06
4273.41 2.37048e-06
4274.14 2.35566e-06
4274.87 2.34085e-06
4275.6 2.32602e-06
4276.33 2.31119e-06
4277.06 2.29635e-06
4277.79 2.2815e-06
4278.52 2.26666e-06
4279.25 2.2518e-06
4279.98 2.23694e-06
4280.71 2.22207e-06
4281.44 2.20976e-06
4282.17 2.20298e-06
4282.9 2.19619e-06
4283.63 2.1894e-06
4284.36 2.1826e-06
4285.09 2.17581e-06
4285.82 2.16901e-06
4286.55 2.1622e-06
4287.28 2.1554e-06
4288.01 2.14859e-06
4288.74 2.14178e-06
4289.48 2.13497e-06
4290.21 2.12816e-06
4290.94 2.12134e-06
4291.67 2.11452e-06
4292.4 2.1077e-06
4293.13 2.10087e-06
4293.87 2.09404e-06
4294.6 2.08721e-06
4295.33 2.08038e-06
4296.06 2.07354e-06
4296.8 2.0667e-06
4297.53 2.05986e-06
4298.26 2.05302e-06
4299.0 2.04618e-06
4299.73 2.03933e-06
4300.46 2.03247e-06
4301.2 2.02562e-06
4301.93 2.02427e-06
4302.66 2.02303e-06
4303.4 2.02179e-06
4304.13 2.02055e-06
4304.87 2.0193e-06
4305.6 2.01806e-06
4306.33 2.01681e-06
4307.07 2.01557e-06
4307.8 2.01432e-06
4308.54 2.01308e-06
4309.27 2.01183e-06
4310.01 2.01058e-06
4310.74 2.00934e-06
4311.48 2.00809e-06
4312.21 2.00684e-06
4312.95 2.00559e-06
4313.68 2.00434e-06
4314.42 2.00309e-06
4315.16 2.00184e-06
4315.89 2.00058e-06
4316.63 1.99933e-06
4317.36 1.99808e-06
4318.1 1.99683e-06
4318.84 1.99557e-06
4319.57 1.99432e-06
4320.31 1.99306e-06
4321.05 1.99181e-06
4321.78 1.99606e-06
4322.52 2.00194e-06
4323.26 2.00782e-06
4324.0 2.0137e-06
4324.73 2.01958e-06
4325.47 2.02547e-06
4326.21 2.03136e-06
4326.95 2.03725e-06
4327.69 2.04315e-06
4328.42 2.04904e-06
4329.16 2.05494e-06
4329.9 2.06084e-06
4330.64 2.06674e-06
4331.38 2.07264e-06
4332.12 2.07855e-06
4332.85 2.08445e-06
4333.59 2.09036e-06
4334.33 2.09628e-06
4335.07 2.10219e-06
4335.81 2.1081e-06
4336.55 2.11402e-06
4337.29 2.11994e-06
4338.03 2.12586e-06
4338.77 2.13179e-06
4339.51 2.13772e-06
4340.25 2.14364e-06
4340.99 2.14957e-06
4341.73 2.15783e-06
4342.47 2.16714e-06
4343.21 2.17644e-06
4343.95 2.18576e-06
4344.69 2.19507e-06
4345.44 2.20439e-06
4346.18 2.21371e-06
4346.92 2.22303e-06
4347.66 2.23236e-06
4348.4 2.24169e-06
4349.14 2.25103e-06
4349.88 2.26037e-06
4350.63 2.26971e-06
4351.37 2.27905e-06
4352.11 2.2884e-06
4352.85 2.29775e-06
4353.59 2.30711e-06
4354.34 2.31646e-06
4355.08 2.32582e-06
4355.82 2.33519e-06
4356.57 2.34455e-06
4357.31 2.35393e-06
4358.05 2.3633e-06
4358.79 2.37268e-06
4359.54 2.38206e-06
4360.28 2.39145e-06
4361.03 2.40083e-06
4361.77 2.41277e-06
4362.51 2.42566e-06
4363.26 2.43856e-06
4364.0 2.45145e-06
4364.75 2.46435e-06
4365.49 2.47725e-06
4366.24 2.49016e-06
4366.98 2.50308e-06
4367.73 2.516e-06
4368.47 2.52892e-06
4369.21 2.54185e-06
4369.96 2.55478e-06
4370.71 2.56772e-06
4371.45 2.58065e-06
4372.2 2.5936e-06
4372.94 2.60656e-06
4373.69 2.61951e-06
4374.43 2.63247e-06
4375.18 2.64543e-06
4375.93 2.6584e-06
4376.67 2.67138e-06
4377.42 2.68436e-06
4378.17 2.69733e-06
4378.91 2.71033e-06
4379.66 2.72331e-06
4380.41 2.73631e-06
4381.15 2.74932e-06
4381.9 2.77065e-06
4382.65 2.79293e-06
4383.4 2.81523e-06
4384.14 2.83755e-06
4384.89 2.85986e-06
4385.64 2.88218e-06
4386.39 2.90452e-06
4387.14 2.92686e-06
4387.88 2.9492e-06
4388.63 2.97156e-06
4389.38 2.99393e-06
4390.13 3.0163e-06
4390.88 3.03869e-06
4391.63 3.06108e-06
4392.38 3.08346e-06
4393.12 3.10587e-06
4393.87 3.12828e-06
4394.62 3.1507e-06
4395.37 3.17313e-06
4396.12 3.19556e-06
4396.87 3.21802e-06
4397.62 3.24047e-06
4398.37 3.26293e-06
4399.12 3.2854e-06
4399.87 3.30788e-06
4400.62 3.33037e-06
4401.37 3.35611e-06
4402.12 3.39624e-06
4402.88 3.43642e-06
4403.63 3.4766e-06
4404.38 3.51681e-06
4405.13 3.55701e-06
4405.88 3.59724e-06
4406.63 3.63747e-06
4407.38 3.67772e-06
4408.14 3.718e-06
4408.89 3.75826e-06
4409.64 3.79855e-06
4410.39 3.83888e-06
4411.14 3.87919e-06
4411.9 3.91954e-06
4412.65 3.95989e-06
4413.4 4.00028e-06
4414.15 4.04065e-06
4414.91 4.08105e-06
4415.66 4.12146e-06
4416.41 4.1619e-06
4417.17 4.20233e-06
4417.92 4.24281e-06
4418.67 4.28328e-06
4419.43 4.32376e-06
4420.18 4.36426e-06
4420.93 4.40478e-06
4421.69 4.45111e-06
4422.44 4.50143e-06
4423.2 4.5518e-06
4423.95 4.60222e-06
4424.71 4.65261e-06
4425.46 4.70304e-06
4426.21 4.75344e-06
4426.97 4.8039e-06
4427.73 4.85439e-06
4428.48 4.90489e-06
4429.24 4.95537e-06
4429.99 5.0059e-06
4430.75 5.0566e-06
4431.5 5.10733e-06
4432.26 5.15806e-06
4433.01 5.20881e-06
4433.77 5.25957e-06
4434.53 5.31038e-06
4435.28 5.36119e-06
4436.04 5.41203e-06
4436.8 5.4629e-06
4437.55 5.51379e-06
4438.31 5.5647e-06
4439.07 5.61561e-06
4439.82 5.66657e-06
4440.58 5.71751e-06
4441.34 5.76682e-06
4442.1 5.80374e-06
4442.85 5.8407e-06
4443.61 5.87766e-06
4444.37 5.91464e-06
4445.13 5.95162e-06
4445.89 5.98864e-06
4446.64 6.02566e-06
4447.4 6.0627e-06
4448.16 6.09976e-06
4448.92 6.13684e-06
4449.68 6.1739e-06
4450.44 6.21102e-06
4451.2 6.24812e-06
4451.96 6.28526e-06
4452.71 6.32243e-06
4453.47 6.35959e-06
4454.23 6.39675e-06
4454.99 6.43395e-06
4455.75 6.47118e-06
4456.51 6.5084e-06
4457.27 6.54562e-06
4458.03 6.5829e-06
4458.79 6.62017e-06
4459.55 6.65745e-06
4460.31 6.69476e-06
4461.08 6.73207e-06
4461.84 6.74316e-06
4462.6 6.74633e-06
4463.36 6.7495e-06
4464.12 6.75268e-06
4464.88 6.75586e-06
4465.64 6.75903e-06
4466.4 6.76221e-06
4467.17 6.76539e-06
4467.93 6.76857e-06
4468.69 6.77175e-06
4469.45 6.77494e-06
4470.21 6.77812e-06
4470.98 6.78131e-06
4471.74 6.78449e-06
4472.5 6.78768e-06
4473.27 6.79087e-06
4474.03 6.79406e-06
4474.79 6.79725e-06
4475.55 6.80045e-06
4476.32 6.80364e-06
4477.08 6.80684e-06
4477.85 6.81003e-06
4478.61 6.81323e-06
4479.37 6.81643e-06
4480.14 6.81963e-06
4480.9 6.82283e-06
4481.67 6.80652e-06
4482.43 6.77314e-06
4483.19 6.73974e-06
4483.96 6.70634e-06
4484.72 6.67292e-06
4485.49 6.6395e-06
4486.25 6.60605e-06
4487.02 6.57259e-06
4487.78 6.53912e-06
4488.55 6.50562e-06
4489.31 6.47211e-06
4490.08 6.43859e-06
4490.85 6.40504e-06
4491.61 6.37151e-06
4492.38 6.33794e-06
4493.15 6.30435e-06
4493.91 6.27076e-06
4494.68 6.23715e-06
4495.44 6.20353e-06
4496.21 6.1699e-06
4496.98 6.13624e-06
4497.75 6.10257e-06
4498.51 6.06891e-06
4499.28 6.03521e-06
4500.05 6.00146e-06
4500.81 5.96727e-06
4501.58 5.92716e-06
4502.35 5.87868e-06
4503.12 5.83018e-06
4503.89 5.78169e-06
4504.65 5.73319e-06
4505.42 5.68468e-06
4506.19 5.63614e-06
4506.96 5.58759e-06
4507.73 5.53901e-06
4508.5 5.49046e-06
4509.27 5.44187e-06
4510.03 5.39327e-06
4510.8 5.34464e-06
4511.57 5.29603e-06
4512.34 5.24739e-06
4513.11 5.19874e-06
4513.88 5.15006e-06
4514.65 5.10137e-06
4515.42 5.05271e-06
4516.19 5.00398e-06
4516.96 4.95528e-06
4517.73 4.90654e-06
4518.5 4.85777e-06
4519.27 4.80905e-06
4520.04 4.76027e-06
4520.82 4.71148e-06
4521.59 4.66613e-06
4522.36 4.6256e-06
4523.13 4.5851e-06
4523.9 4.54456e-06
4524.67 4.504e-06
4525.44 4.46346e-06
4526.22 4.42289e-06
4526.99 4.38231e-06
4527.76 4.34174e-06
4528.53 4.30113e-06
4529.3 4.26054e-06
4530.08 4.2199e-06
4530.85 4.17928e-06
4531.62 4.13863e-06
4532.4 4.09798e-06
4533.17 4.05732e-06
4533.94 4.01666e-06
4534.72 3.97597e-06
4535.49 3.93527e-06
4536.26 3.89457e-06
4537.04 3.85385e-06
4537.81 3.81311e-06
4538.58 3.77238e-06
4539.36 3.73161e-06
4540.13 3.69087e-06
4540.91 3.65009e-06
4541.68 3.61543e-06
4542.46 3.58623e-06
4543.23 3.55704e-06
4544.01 3.52784e-06
4544.78 3.49863e-06
4545.56 3.4694e-06
4546.33 3.44017e-06
4547.11 3.41093e-06
4547.88 3.38169e-06
4548.66 3.35243e-06
4549.43 3.32317e-06
4550.21 3.2939e-06
4550.99 3.26463e-06
4551.76 3.23534e-06
4552.54 3.20605e-06
4553.31 3.17675e-06
4554.09 3.14745e-06
4554.87 3.11813e-06
4555.65 3.08879e-06
4556.42 3.05947e-06
4557.2 3.03014e-06
4557.98 3.00079e-06
4558.75 2.97144e-06
4559.53 2.94206e-06
4560.31 2.91268e-06
4561.09 2.88332e-06
4561.86 2.86167e-06
4562.64 2.84256e-06
4563.42 2.82343e-06
4564.2 2.80431e-06
4564.98 2.78518e-06
4565.76 2.76604e-06
4566.54 2.7469e-06
4567.31 2.72775e-06
4568.09 2.7086e-06
4568.87 2.68944e-06
4569.65 2.67028e-06
4570.43 2.65112e-06
4571.21 2.63194e-06
4571.99 2.61277e-06
4572.77 2.59359e-06
4573.55 2.57439e-06
4574.33 2.5552e-06
4575.11 2.536e-06
4575.89 2.5168e-06
4576.67 2.49758e-06
4577.45 2.47838e-06
4578.23 2.45916e-06
4579.01 2.43994e-06
4579.79 2.4207e-06
4580.58 2.40146e-06
4581.36 2.38245e-06
4582.14 2.36557e-06
4582.92 2.34869e-06
4583.7 2.3318e-06
4584.48 2.31489e-06
4585.26 2.298e-06
4586.05 2.2811e-06
4586.83 2.26418e-06
4587.61 2.24727e-06
4588.39 2.23036e-06
4589.18 2.21343e-06
4589.96 2.19651e-06
4590.74 2.17958e-06
4591.52 2.16264e-06
4592.31 2.1457e-06
4593.09 2.12876e-06
4593.87 2.11181e-06
4594.66 2.09485e-06
4595.44 2.0779e-06
4596.23 2.06094e-06
4597.01 2.04396e-06
4597.79 2.027e-06
4598.58 2.01001e-06
4599.36 1.99304e-06
4600.15 1.97606e-06
4600.93 1.95907e-06
4601.72 1.94613e-06
4602.5 1.93659e-06
4603.29 1.92705e-06
4604.07 1.91751e-06
4604.86 1.90795e-06
4605.64 1.89841e-06
4606.43 1.88885e-06
4607.21 1.8793e-06
4608.0 1.86974e-06
4608.78 1.86018e-06
4609.57 1.85062e-06
4610.36 1.84105e-06
4611.14 1.83149e-06
4611.93 1.82191e-06
4612.72 1.81234e-06
4613.5 1.80276e-06
4614.29 1.79319e-06
4615.08 1.7836e-06
4615.86 1.77402e-06
4616.65 1.76444e-06
4617.44 1.75484e-06
4618.23 1.74525e-06
4619.01 1.73566e-06
4619.8 1.72606e-06
4620.59 1.71646e-06
4621.38 1.70746e-06
4622.17 1.70342e-06
4622.95 1.69938e-06
4623.74 1.69534e-06
4624.53 1.6913e-06
4625.32 1.68726e-06
4626.11 1.68322e-06
4626.9 1.67918e-06
4627.69 1.67513e-06
4628.48 1.67109e-06
4629.27 1.66704e-06
4630.06 1.66299e-06
4630.85 1.65891e-06
4631.64 1.65484e-06
4632.43 1.65076e-06
4633.22 1.64668e-06
4634.01 1.6426e-06
4634.8 1.63851e-06
4635.59 1.63443e-06
4636.38 1.63035e-06
4637.17 1.62626e-06
4637.96 1.62218e-06
4638.75 1.61809e-06
4639.54 1.614e-06
4640.33 1.60991e-06
4641.12 1.60582e-06
4641.92 1.6021e-06
4642.71 1.59849e-06
4643.5 1.59487e-06
4644.29 1.59125e-06
4645.08 1.58763e-06
4645.88 1.58401e-06
4646.67 1.58039e-06
4647.46 1.57677e-06
4648.25 1.57314e-06
4649.05 1.56952e-06
4649.84 1.56589e-06
4650.63 1.56227e-06
4651.43 1.55864e-06
4652.22 1.55502e-06
4653.01 1.55139e-06
4653.81 1.54776e-06
4654.6 1.54413e-06
4655.39 1.5405e-06
4656.19 1.53687e-06
4656.98 1.53324e-06
4657.78 1.5296e-06
4658.57 1.52597e-06
4659.36 1.52234e-06
4660.16 1.5187e-06
4660.95 1.51507e-06
4661.75 1.51414e-06
4662.54 1.51536e-06
4663.34 1.51659e-06
4664.13 1.51781e-06
4664.93 1.51903e-06
4665.73 1.52025e-06
4666.52 1.52147e-06
4667.32 1.52269e-06
4668.11 1.52391e-06
4668.91 1.52514e-06
4669.71 1.52636e-06
4670.5 1.52758e-06
4671.3 1.52881e-06
4672.1 1.53003e-06
4672.89 1.53125e-06
4673.69 1.53248e-06
4674.49 1.5337e-06
4675.28 1.53493e-06
4676.08 1.53615e-06
4676.88 1.53738e-06
4677.68 1.5386e-06
4678.48 1.53983e-06
4679.27 1.54105e-06
4680.07 1.54228e-06
4680.87 1.54351e-06
4681.67 1.54564e-06
4682.47 1.54888e-06
4683.27 1.55213e-06
4684.06 1.55538e-06
4684.86 1.55863e-06
4685.66 1.56187e-06
4686.46 1.56512e-06
4687.26 1.56837e-06
4688.06 1.57162e-06
4688.86 1.57488e-06
4689.66 1.57813e-06
4690.46 1.58138e-06
4691.26 1.58464e-06
4692.06 1.58789e-06
4692.86 1.59115e-06
4693.66 1.5944e-06
4694.46 1.59766e-06
4695.26 1.60092e-06
4696.06 1.60417e-06
4696.86 1.60743e-06
4697.66 1.6107e-06
4698.47 1.61396e-06
4699.27 1.61722e-06
4700.07 1.62048e-06
4700.87 1.62374e-06
4701.67 1.62769e-06
4702.47 1.6325e-06
4703.28 1.63731e-06
4704.08 1.64212e-06
4704.88 1.64693e-06
4705.68 1.65175e-06
4706.48 1.65656e-06
4707.29 1.66138e-06
4708.09 1.66619e-06
4708.89 1.67101e-06
4709.7 1.67583e-06
4710.5 1.68065e-06
4711.3 1.68547e-06
4712.11 1.69029e-06
4712.91 1.69511e-06
4713.71 1.69994e-06
4714.52 1.70476e-06
4715.32 1.70959e-06
4716.13 1.71442e-06
4716.93 1.71925e-06
4717.74 1.72408e-06
4718.54 1.72891e-06
4719.35 1.73374e-06
4720.15 1.73858e-06
4720.96 1.74341e-06
4721.76 1.74962e-06
4722.57 1.75696e-06
4723.37 1.76431e-06
4724.18 1.77166e-06
4724.98 1.77901e-06
4725.79 1.78636e-06
4726.59 1.79372e-06
4727.4 1.80107e-06
4728.21 1.80843e-06
4729.01 1.81579e-06
4729.82 1.82315e-06
4730.63 1.83051e-06
4731.43 1.83787e-06
4732.24 1.84524e-06
4733.05 1.85261e-06
4733.85 1.85997e-06
4734.66 1.86735e-06
4735.47 1.87472e-06
4736.28 1.88209e-06
4737.09 1.88947e-06
4737.89 1.89685e-06
4738.7 1.90423e-06
4739.51 1.91161e-06
4740.32 1.91899e-06
4741.13 1.92638e-06
4741.94 1.93578e-06
4742.74 1.94584e-06
4743.55 1.95591e-06
4744.36 1.96598e-06
4745.17 1.97605e-06
4745.98 1.98612e-06
4746.79 1.9962e-06
4747.6 2.00628e-06
4748.41 2.01636e-06
4749.22 2.02644e-06
4750.03 2.03654e-06
4750.84 2.04662e-06
4751.65 2.05671e-06
4752.46 2.0668e-06
4753.27 2.0769e-06
4754.08 2.08699e-06
4754.89 2.09709e-06
4755.7 2.1072e-06
4756.51 2.1173e-06
4757.33 2.12741e-06
4758.14 2.13752e-06
4758.95 2.14763e-06
4759.76 2.15774e-06
4760.57 2.16785e-06
4761.38 2.17795e-06
4762.2 2.18772e-06
4763.01 2.19749e-06
4763.82 2.20727e-06
4764.63 2.21705e-06
4765.45 2.22683e-06
4766.26 2.23661e-06
4767.07 2.24639e-06
4767.88 2.25617e-06
4768.7 2.26597e-06
4769.51 2.27576e-06
4770.33 2.28555e-06
4771.14 2.29534e-06
4771.95 2.30514e-06
4772.77 2.31494e-06
4773.58 2.32475e-06
4774.4 2.33455e-06
4775.21 2.34436e-06
4776.02 2.35417e-06
4776.84 2.36397e-06
4777.65 2.37379e-06
4778.47 2.38361e-06
4779.28 2.39342e-06
4780.1 2.40325e-06
4780.91 2.41307e-06
4781.73 2.42503e-06
4782.54 2.43926e-06
4783.36 2.45352e-06
4784.18 2.46778e-06
4784.99 2.48203e-06
4785.81 2.4963e-06
4786.62 2.51056e-06
4787.44 2.52483e-06
4788.26 2.53911e-06
4789.07 2.55338e-06
4789.89 2.56766e-06
4790.71 2.58194e-06
4791.52 2.59622e-06
4792.34 2.61051e-06
4793.16 2.6248e-06
4793.98 2.6391e-06
4794.79 2.65339e-06
4795.61 2.6677e-06
4796.43 2.68201e-06
4797.25 2.69631e-06
4798.07 2.71062e-06
4798.88 2.72493e-06
4799.7 2.73925e-06
4800.52 2.75357e-06
4801.34 2.7679e-06
4802.16 2.7794e-06
4802.98 2.79091e-06
4803.8 2.80242e-06
4804.62 2.81392e-06
4805.44 2.82543e-06
4806.26 2.83695e-06
4807.08 2.84847e-06
4807.9 2.85999e-06
4808.72 2.87151e-06
4809.54 2.88304e-06
4810.36 2.89457e-06
4811.18 2.9061e-06
4812.0 2.91762e-06
4812.82 2.92916e-06
4813.64 2.9407e-06
4814.46 2.95225e-06
4815.28 2.96378e-06
4816.1 2.97534e-06
4816.92 2.98689e-06
4817.75 2.99844e-06
4818.57 3.01e-06
4819.39 3.02155e-06
4820.21 3.03311e-06
4821.03 3.04467e-06
4821.86 3.05214e-06
4822.68 3.05707e-06
4823.5 3.06201e-06
4824.32 3.06695e-06
4825.15 3.07188e-06
4825.97 3.07682e-06
4826.79 3.08176e-06
4827.62 3.0867e-06
4828.44 3.09164e-06
4829.26 3.09659e-06
4830.09 3.10153e-06
4830.91 3.10645e-06
4831.73 3.11137e-06
4832.56 3.11629e-06
4833.38 3.12121e-06
4834.21 3.12613e-06
4835.03 3.13105e-06
4835.86 3.13598e-06
4836.68 3.1409e-06
4837.51 3.14583e-06
4838.33 3.15076e-06
4839.16 3.15568e-06
4839.98 3.16061e-06
4840.81 3.16554e-06
4841.63 3.16853e-06
4842.46 3.16772e-06
4843.28 3.1669e-06
4844.11 3.16609e-06
4844.94 3.16528e-06
4845.76 3.16447e-06
4846.59 3.16366e-06
4847.42 3.16284e-06
4848.24 3.16203e-06
4849.07 3.16122e-06
4849.9 3.16041e-06
4850.72 3.15959e-06
4851.55 3.15878e-06
4852.38 3.15797e-06
4853.21 3.15715e-06
4854.03 3.15634e-06
4854.86 3.15552e-06
4855.69 3.15471e-06
4856.52 3.15389e-06
4857.35 3.15308e-06
4858.17 3.15226e-06
4859.0 3.15145e-06
4859.83 3.15063e-06
4860.66 3.14981e-06
4861.49 3.14777e-06
4862.32 3.13932e-06
4863.15 3.13086e-06
4863.98 3.12241e-06
4864.81 3.11395e-06
4865.64 3.10548e-06
4866.47 3.09701e-06
4867.3 3.08855e-06
4868.13 3.08008e-06
4868.96 3.07161e-06
4869.79 3.06314e-06
4870.62 3.05466e-06
4871.45 3.04619e-06
4872.28 3.03772e-06
4873.11 3.02924e-06
4873.94 3.02076e-06
4874.77 3.01227e-06
4875.61 3.00379e-06
4876.44 2.9953e-06
4877.27 2.98682e-06
4878.1 2.97833e-06
4878.93 2.96983e-06
4879.77 2.96134e-06
4880.6 2.95285e-06
4881.43 2.94361e-06
4882.26 2.92585e-06
4883.1 2.90807e-06
4883.93 2.8903e-06
4884.76 2.87252e-06
4885.59 2.85474e-06
4886.43 2.83696e-06
4887.26 2.81918e-06
4888.09 2.80139e-06
4888.93 2.78359e-06
4889.76 2.76578e-06
4890.6 2.74798e-06
4891.43 2.73018e-06
4892.26 2.71236e-06
4893.1 2.69455e-06
4893.93 2.67673e-06
4894.77 2.65891e-06
4895.6 2.64108e-06
4896.44 2.62326e-06
4897.27 2.60543e-06
4898.11 2.58758e-06
4898.94 2.56974e-06
4899.78 2.5519e-06
4900.62 2.53404e-06
4901.45 2.51651e-06
4902.29 2.50186e-06
4903.12 2.4872e-06
4903.96 2.47254e-06
4904.8 2.45788e-06
4905.63 2.44321e-06
4906.47 2.42854e-06
4907.31 2.41386e-06
4908.14 2.39919e-06
4908.98 2.38451e-06
4909.82 2.36984e-06
4910.65 2.35514e-06
4911.49 2.34046e-06
4912.33 2.32576e-06
4913.17 2.31107e-06
4914.01 2.29637e-06
4914.84 2.28166e-06
4915.68 2.26696e-06
4916.52 2.25225e-06
4917.36 2.23755e-06
4918.2 2.22283e-06
4919.04 2.20811e-06
4919.88 2.19338e-06
4920.71 2.17866e-06
4921.55 2.16449e-06
4922.39 2.15231e-06
4923.23 2.14013e-06
4924.07 2.12795e-06
4924.91 2.11577e-06
4925.75 2.10359e-06
4926.59 2.0914e-06
4927.43 2.07921e-06
4928.27 2.06701e-06
4929.11 2.05481e-06
4929.96 2.04261e-06
4930.8 2.03041e-06
4931.64 2.0182e-06
4932.48 2.00601e-06
4933.32 1.9938e-06
4934.16 1.98158e-06
4935.0 1.96937e-06
4935.84 1.95716e-06
4936.69 1.94493e-06
4937.53 1.93271e-06
4938.37 1.92048e-06
4939.21 1.90826e-06
4940.05 1.89604e-06
4940.9 1.8838e-06
4941.74 1.87203e-06
4942.58 1.86088e-06
4943.43 1.84973e-06
4944.27 1.83857e-06
4945.11 1.82742e-06
4945.96 1.81625e-06
4946.8 1.8051e-06
4947.64 1.79394e-06
4948.49 1.78277e-06
4949.33 1.7716e-06
4950.17 1.76043e-06
4951.02 1.74925e-06
4951.86 1.73808e-06
4952.71 1.7269e-06
4953.55 1.71572e-06
4954.4 1.70453e-06
4955.24 1.69335e-06
4956.09 1.68216e-06
4956.93 1.67097e-06
4957.78 1.65978e-06
4958.62 1.64858e-06
4959.47 1.63738e-06
4960.32 1.62618e-06
4961.16 1.61497e-06
4962.01 1.60573e-06
4962.85 1.59718e-06
4963.7 1.58862e-06
4964.55 1.58007e-06
4965.39 1.57151e-06
4966.24 1.56295e-06
4967.09 1.55439e-06
4967.94 1.54582e-06
4968.78 1.53726e-06
4969.63 1.52869e-06
4970.48 1.52012e-06
4971.33 1.51155e-06
4972.17 1.50298e-06
4973.02 1.4944e-06
4973.87 1.48582e-06
4974.72 1.47725e-06
4975.57 1.46867e-06
4976.42 1.46008e-06
4977.26 1.4515e-06
4978.11 1.44292e-06
4978.96 1.43432e-06
4979.81 1.42573e-06
4980.66 1.41715e-06
4981.51 1.40897e-06
4982.36 1.40336e-06
4983.21 1.39775e-06
4984.06 1.39214e-06
4984.91 1.38653e-06
4985.76 1.38092e-06
4986.61 1.3753e-06
4987.46 1.36968e-06
4988.31 1.36406e-06
4989.16 1.35844e-06
4990.01 1.35282e-06
4990.86 1.3472e-06
4991.72 1.34158e-06
4992.57 1.33595e-06
4993.42 1.33033e-06
4994.27 1.32471e-06
4995.12 1.31908e-06
4995.97 1.31345e-06
4996.83 1.30782e-06
4997.68 1.30219e-06
4998.53 1.29655e-06
4999.38 1.29092e-06
5000.24 1.28528e-06
5001.09 1.27961e-06
5001.94 1.27376e-06
5002.79 1.26779e-06
5003.65 1.26183e-06
5004.5 1.25586e-06
5005.36 1.24989e-06
5006.21 1.24392e-06
5007.06 1.23796e-06
5007.92 1.23199e-06
5008.77 1.22602e-06
5009.63 1.22004e-06
5010.48 1.21407e-06
5011.33 1.20809e-06
5012.19 1.20212e-06
5013.04 1.19614e-06
5013.9 1.19016e-06
5014.75 1.18419e-06
5015.61 1.17821e-06
5016.46 1.17223e-06
5017.32 1.16625e-06
5018.18 1.16026e-06
5019.03 1.15428e-06
5019.89 1.14829e-06
5020.74 1.14231e-06
5021.6 1.13676e-06
5022.46 1.13266e-06
5023.31 1.12855e-06
5024.17 1.12445e-06
5025.03 1.12035e-06
5172.85 1.1214e-06
5173.73 1.12861e-06
5174.61 1.13583e-06
5175.5 1.14304e-06
5176.38 1.15026e-06
5177.26 1.15747e-06
5178.15 1.16469e-06
5179.03 1.17191e-06
5179.91 1.17913e-06
5180.8 1.18635e-06
5181.68 1.19211e-06
5182.56 1.19387e-06
5183.45 1.19563e-06
5184.33 1.19739e-06
5185.22 1.19915e-06
5186.1 1.20091e-06
5186.98 1.20268e-06
5187.87 1.20444e-06
5188.75 1.2062e-06
5189.64 1.20796e-06
5190.52 1.20972e-06
5191.41 1.21149e-06
5192.29 1.21325e-06
5193.18 1.21502e-06
5194.07 1.21678e-06
5194.95 1.21854e-06
5195.84 1.22031e-06
5196.72 1.22207e-06
5197.61 1.22384e-06
5198.5 1.2256e-06
5199.38 1.22737e-06
5200.27 1.22913e-06
5201.16 1.2309e-06
5202.04 1.23246e-06
5202.93 1.23392e-06
5203.82 1.23538e-06
5204.71 1.23684e-06
5205.59 1.2383e-06
5206.48 1.23976e-06
5207.37 1.24122e-06
5208.26 1.24268e-06
5209.15 1.24414e-06
5210.04 1.2456e-06
5210.92 1.24706e-06
5211.81 1.24852e-06
5212.7 1.24998e-06
5213.59 1.25144e-06
5214.48 1.2529e-06
5215.37 1.25437e-06
5216.26 1.25583e-06
5217.15 1.25729e-06
5218.04 1.25875e-06
5218.93 1.26021e-06
5219.82 1.26168e-06
5220.71 1.26314e-06
5221.6 1.2656e-06
5222.49 1.27318e-06
5223.38 1.28076e-06
5224.27 1.28834e-06
5225.16 1.29592e-06
5226.05 1.3035e-06
5226.95 1.31108e-06
5227.84 1.31867e-06
5228.73 1.32625e-06
5229.62 1.33383e-06
5230.51 1.34142e-06
5231.4 1.34902e-06
5232.3 1.35662e-06
5233.19 1.36421e-06
5234.08 1.37181e-06
5234.97 1.37941e-06
5235.87 1.38701e-06
5236.76 1.39461e-06
5237.65 1.40221e-06
5238.55 1.40981e-06
5239.44 1.41742e-06
5240.33 1.42502e-06
5241.23 1.43263e-06
5242.12 1.43811e-06
5243.02 1.44286e-06
5243.91 1.4476e-06
5244.81 1.45235e-06
5245.7 1.45709e-06
5246.59 1.46183e-06
5247.49 1.46658e-06
5248.38 1.47133e-06
5249.28 1.47608e-06
5250.17 1.48083e-06
5251.07 1.48558e-06
5251.97 1.49033e-06
5252.86 1.49508e-06
5253.76 1.49983e-06
5254.65 1.50458e-06
5255.55 1.50934e-06
5256.45 1.51409e-06
5257.34 1.51884e-06
5258.24 1.5236e-06
5259.14 1.52836e-06
5260.03 1.53311e-06
5260.93 1.53787e-06
5261.83 1.54176e-06
5262.72 1.54436e-06
5263.62 1.54696e-06
5264.52 1.54957e-06
5265.42 1.55217e-06
5266.32 1.55478e-06
5267.21 1.55738e-06
5268.11 1.55999e-06
5269.01 1.56259e-06
5269.91 1.5652e-06
5270.81 1.5678e-06
5271.71 1.57041e-06
5272.61 1.57302e-06
5273.51 1.57563e-06
5274.41 1.57823e-06
5275.31 1.58084e-06
5276.21 1.58345e-06
5277.11 1.58606e-06
5278.01 1.58867e-06
5278.91 1.59128e-06
5279.81 1.59389e-06
5280.71 1.5965e-06
5281.61 1.59915e-06
5282.51 1.60205e-06
5283.41 1.60494e-06
5284.31 1.60783e-06
5285.21 1.61073e-06
5286.11 1.61362e-06
5287.01 1.61652e-06
5287.92 1.61941e-06
5288.82 1.62231e-06
5289.72 1.6252e-06
5290.62 1.6281e-06
5291.52 1.63099e-06
5292.43 1.63389e-06
5293.33 1.63679e-06
5294.23 1.63969e-06
5295.14 1.64258e-06
5296.04 1.64548e-06
5296.94 1.64838e-06
5297.85 1.65128e-06
5298.75 1.65418e-06
5299.65 1.65708e-06
5300.56 1.65998e-06
5301.46 1.66288e-06
5302.37 1.66031e-06
5303.27 1.65765e-06
5304.17 1.65499e-06
5305.08 1.65234e-06
5305.98 1.64968e-06
5306.89 1.64702e-06
5307.79 1.64436e-06
5308.7 1.6417e-06
5309.6 1.63904e-06
5310.51 1.63638e-06
5311.42 1.63372e-06
5312.32 1.63106e-06
5313.23 1.62839e-06
5314.13 1.62573e-06
5315.04 1.62307e-06
5315.95 1.6204e-06
5316.85 1.61774e-06
5317.76 1.61507e-06
5318.67 1.61241e-06
5319.57 1.60975e-06
5320.48 1.60708e-06
5321.39 1.60442e-06
5322.3 1.6026e-06
5323.2 1.60088e-06
5324.11 1.59916e-06
5325.02 1.59744e-06
5325.93 1.59572e-06
5326.84 1.594e-06
5327.75 1.59228e-06
5328.65 1.59055e-06
5329.56 1.58883e-06
5330.47 1.58711e-06
5331.38 1.58538e-06
5332.29 1.58366e-06
5333.2 1.58194e-06
5334.11 1.58021e-06
5335.02 1.57849e-06
5335.93 1.57676e-06
5336.84 1.57504e-06
5337.75 1.57332e-06
5338.66 1.57159e-06
5339.57 1.56986e-06
5340.48 1.56814e-06
5341.39 1.56641e-06
5342.3 1.56158e-06
5343.22 1.55639e-06
5344.13 1.55121e-06
5345.04 1.54603e-06
5345.95 1.54084e-06
5346.86 1.53565e-06
5347.77 1.53047e-06
5348.69 1.52528e-06
5349.6 1.52009e-06
5350.51 1.5149e-06
5351.42 1.50971e-06
5352.33 1.50452e-06
5353.25 1.49932e-06
5354.16 1.49413e-06
5355.07 1.48894e-06
5355.99 1.48374e-06
5356.9 1.47854e-06
5357.81 1.47335e-06
5358.73 1.46815e-06
5359.64 1.46295e-06
5360.56 1.45775e-06
5361.47 1.45255e-06
5362.39 1.45018e-06
5363.3 1.44787e-06
5364.22 1.44556e-06
5365.13 1.44326e-06
5366.05 1.44095e-06
5366.96 1.43864e-06
5367.88 1.43633e-06
5368.79 1.43402e-06
5369.71 1.43171e-06
5370.62 1.4294e-06
5371.54 1.42709e-06
5372.46 1.42478e-06
5373.37 1.42247e-06
5374.29 1.42016e-06
5375.2 1.41784e-06
5376.12 1.41553e-06
5377.04 1.41322e-06
5377.96 1.41091e-06
5378.87 1.40859e-06
5379.79 1.40628e-06
5380.71 1.40396e-06
5381.63 1.40089e-06
5382.54 1.39317e-06
5383.46 1.38546e-06
5384.38 1.37774e-06
5385.3 1.37003e-06
5386.22 1.36231e-06
5387.13 1.3546e-06
5388.05 1.34688e-06
5388.97 1.33915e-06
5389.89 1.33143e-06
5390.81 1.32371e-06
5391.73 1.31598e-06
5392.65 1.30826e-06
5393.57 1.30054e-06
5394.49 1.29281e-06
5395.41 1.28508e-06
5396.33 1.27735e-06
5397.25 1.26962e-06
5398.17 1.26189e-06
5399.09 1.25415e-06
5400.01 1.24642e-06
5400.93 1.23869e-06
5401.85 1.23196e-06
5402.78 1.22684e-06
5403.7 1.22172e-06
5404.62 1.2166e-06
5405.54 1.21148e-06
5406.46 1.20637e-06
5407.39 1.20124e-06
5408.31 1.19612e-06
5409.23 1.191e-06
5410.15 1.18588e-06
5411.08 1.18075e-06
5412.0 1.17563e-06
5412.92 1.1705e-06
5413.84 1.16538e-06
5414.77 1.16025e-06
5415.69 1.15512e-06
5416.62 1.14999e-06
5417.54 1.14487e-06
5418.46 1.13974e-06
5419.39 1.13461e-06
5420.31 1.12948e-06
5421.24 1.12434e-06
8502.79 1.12092e-06
8504.24 1.12833e-06
8505.69 1.13574e-06
8507.14 1.14312e-06
8508.59 1.15051e-06
8510.05 1.15788e-06
8511.5 1.16525e-06
8512.95 1.1726e-06
8514.4 1.17995e-06
8515.85 1.18728e-06
8517.31 1.1946e-06
8518.76 1.20192e-06
8520.21 1.20923e-06
8521.67 1.21653e-06
8523.12 1.19899e-06
8524.57 1.15988e-06
8526.03 1.12086e-06
8596.11 1.12886e-06
8597.57 1.14059e-06
8599.04 1.15231e-06
8600.51 1.16401e-06
8601.97 1.17569e-06
8603.44 1.16714e-06
8604.91 1.15133e-06
8606.38 1.13556e-06
8607.84 1.11979e-06
8757.4 1.12121e-06
8758.89 1.1628e-06
8760.39 1.20437e-06
8761.88 1.24589e-06
8763.38 1.25704e-06
8764.87 1.25183e-06
8766.37 1.24663e-06
8767.86 1.24142e-06
8769.36 1.23622e-06
8770.85 1.23102e-06
8772.35 1.22582e-06
8773.84 1.22063e-06
8775.34 1.21544e-06
8776.84 1.21025e-06
8778.33 1.20506e-06
8779.83 1.19989e-06
8781.33 1.19471e-06
8782.83 1.18202e-06
8784.33 1.14984e-06
8836.92 1.1257e-06
8838.42 1.14348e-06
8839.93 1.16125e-06
8841.44 1.17899e-06
8842.95 1.17197e-06
