3113.0 2.16976e-06
3113.54 2.24712e-06
3114.07 2.32451e-06
3114.6 2.40187e-06
3115.13 2.4793e-06
3115.67 2.55669e-06
3116.2 2.63415e-06
3116.73 2.71157e-06
3117.27 2.78899e-06
3117.8 2.86648e-06
3118.33 2.94397e-06
3118.87 3.02145e-06
3119.4 3.0989e-06
3119.93 3.17642e-06
3120.47 3.25393e-06
3121.0 3.34785e-06
3121.53 3.51627e-06
3122.07 3.68469e-06
3122.6 3.8531e-06
3123.14 4.02159e-06
3123.67 4.19015e-06
3124.21 4.35862e-06
3124.74 4.52717e-06
3125.27 4.69579e-06
3125.81 4.86441e-06
3126.34 5.03302e-06
3126.88 5.20163e-06
3127.41 5.37032e-06
3127.95 5.539e-06
3128.48 5.70775e-06
3129.02 5.87649e-06
3129.55 6.04523e-06
3130.09 6.21405e-06
3130.62 6.38286e-06
3131.16 6.66601e-06
3131.7 7.07663e-06
3132.23 7.48725e-06
3132.77 7.89804e-06
3133.3 8.30882e-06
3133.84 8.71959e-06
3134.38 9.13054e-06
3134.91 9.54148e-06
3135.45 9.95259e-06
3135.98 1.03637e-05
3136.52 1.07748e-05
3137.06 1.11859e-05
3137.59 1.15973e-05
3138.13 1.20086e-05
3138.67 1.24198e-05
3139.2 1.28314e-05
3139.74 1.32428e-05
3140.28 1.36546e-05
3140.82 1.40661e-05
3141.35 1.48771e-05
3141.89 1.57734e-05
3142.43 1.66701e-05
3142.97 1.75668e-05
3143.5 1.84634e-05
3144.04 1.936e-05
3144.58 2.0257e-05
3145.12 2.11544e-05
3145.65 2.20518e-05
3146.19 2.29487e-05
3146.73 2.38464e-05
3147.27 2.47442e-05
3147.81 2.56418e-05
3148.35 2.65395e-05
3148.88 2.74375e-05
3149.42 2.8336e-05
3149.96 2.92344e-05
3150.5 3.01327e-05
3151.04 3.11853e-05
3151.58 3.27375e-05
3152.12 3.42897e-05
3152.66 3.58425e-05
3153.2 3.73946e-05
3153.74 3.89481e-05
3154.28 4.05015e-05
3154.81 4.20549e-05
3155.35 4.3609e-05
3155.89 4.51622e-05
3156.43 4.67162e-05
3156.97 4.82708e-05
3157.51 4.98254e-05
3158.05 5.13799e-05
3158.59 5.29351e-05
3159.13 5.44903e-05
3159.68 5.60461e-05
3160.22 5.76019e-05
3160.76 5.91577e-05
3161.3 5.94486e-05
3161.84 5.92138e-05
3162.38 5.89791e-05
3162.92 5.87444e-05
3163.46 5.85094e-05
3164.0 5.82746e-05
3164.54 5.80396e-05
3165.08 5.78047e-05
3165.63 5.75698e-05
3166.17 5.73348e-05
3166.71 5.70997e-05
3167.25 5.68646e-05
3167.79 5.66295e-05
3168.33 5.63945e-05
3168.88 5.61593e-05
3169.42 5.5924e-05
3169.96 5.56887e-05
3170.5 5.54536e-05
3171.04 5.64631e-05
3171.59 6.15169e-05
3172.13 6.65706e-05
3172.67 7.16264e-05
3173.22 7.66821e-05
3173.76 8.17376e-05
3174.3 8.67952e-05
3174.84 9.18528e-05
3175.39 9.69101e-05
3175.93 0.00010197
3176.47 0.000107031
3177.02 0.000112093
3177.56 0.000117154
3178.1 0.000122215
3178.65 0.000127279
3179.19 0.000132342
3179.74 0.000137407
3180.28 0.00014247
3180.82 0.000147538
3181.37 0.000152561
3181.91 0.00015758
3182.46 0.000162597
3183.0 0.000167616
3183.54 0.000172635
3184.09 0.000177655
3184.63 0.000182676
3185.18 0.000187697
3185.72 0.000192719
3186.27 0.000197742
3186.81 0.000202766
3187.36 0.000207791
3187.9 0.000212813
3188.45 0.000217839
3188.99 0.000222866
3189.54 0.000227894
3190.09 0.00023292
3190.63 0.00023795
3191.18 0.000242613
3191.72 0.000246863
3192.27 0.000251111
3192.82 0.000255358
3193.36 0.000259608
3193.91 0.000263859
3194.45 0.00026811
3195.0 0.000272361
3195.55 0.000276614
3196.09 0.000280866
3196.64 0.000285119
3197.19 0.000289373
3197.73 0.000293627
3198.28 0.000297883
3198.83 0.000302139
3199.38 0.000306395
3199.92 0.00031065
3200.47 0.000314893
3201.02 0.000318641
3201.57 0.000319996
3202.11 0.000321351
3202.66 0.000322705
3203.21 0.000324059
3203.76 0.000325414
3204.3 0.000326768
3204.85 0.000328123
3205.4 0.000329477
3205.95 0.000330832
3206.5 0.000332187
3207.05 0.000333541
3207.59 0.000334896
3208.14 0.00033625
3208.69 0.000337605
3209.24 0.00033896
3209.79 0.000340315
3210.34 0.000341669
3210.89 0.000343024
3211.44 0.000347626
3211.99 0.000352479
3212.54 0.00035733
3213.09 0.000362182
3213.64 0.000367034
3214.19 0.000371886
3214.74 0.000376739
3215.28 0.00038159
3215.83 0.000386443
3216.39 0.000391297
3216.94 0.000396148
3217.49 0.000401001
3218.04 0.000405852
3218.59 0.000410706
3219.14 0.00041556
3219.69 0.000420412
3220.24 0.000425265
3220.79 0.000430118
3221.34 0.000437448
3221.89 0.000445626
3222.44 0.000453803
3222.99 0.000461982
3223.55 0.000470164
3224.1 0.000478344
3224.65 0.000486519
3225.2 0.000494701
3225.75 0.000502881
3226.3 0.00051106
3226.86 0.000519241
3227.41 0.000527417
3227.96 0.000535599
3228.51 0.000543777
3229.06 0.00055196
3229.62 0.000560138
3230.17 0.000568319
3230.72 0.000576498
3231.27 0.000590094
3231.83 0.000607047
3232.38 0.000623997
3232.93 0.000640952
3233.49 0.000657912
3234.04 0.000674862
3234.59 0.000691817
3235.14 0.000708768
3235.7 0.000725725
3236.25 0.00074268
3236.81 0.000759639
3237.36 0.000776595
3237.91 0.000793549
3238.47 0.000810507
3239.02 0.000827463
3239.57 0.000844424
3240.13 0.000861375
3240.68 0.000878338
3241.24 0.000908437
3241.79 0.000949508
3242.35 0.000990535
3242.9 0.00103159
3243.46 0.00107266
3244.01 0.00111372
3244.57 0.00115478
3245.12 0.00119581
3245.68 0.00123687
3246.23 0.00127795
3246.79 0.001319
3247.34 0.00136006
3247.9 0.00140111
3248.45 0.00144218
3249.01 0.00148323
3249.56 0.00152431
3250.12 0.00156535
3250.68 0.00160643
3251.23 0.00167055
3251.79 0.00175509
3252.34 0.00183961
3252.9 0.00192415
3253.46 0.00200868
3254.01 0.00209324
3254.57 0.00217778
3255.13 0.00226231
3255.68 0.00234686
3256.24 0.0024314
3256.8 0.00251596
3257.36 0.00260048
3257.91 0.00268505
3258.47 0.00276957
3259.03 0.00285416
3259.58 0.00293869
3260.14 0.00302325
3260.7 0.00310779
3261.26 0.0032282
3261.82 0.0033757
3262.37 0.00352317
3262.93 0.00367069
3263.49 0.00381818
3264.05 0.00396572
3264.61 0.00411323
3265.16 0.00426071
3265.72 0.00440824
3266.28 0.00455581
3266.84 0.00470329
3267.4 0.00485082
3267.96 0.00499831
3268.52 0.00514585
3269.08 0.00529344
3269.64 0.00544093
3270.2 0.00558846
3270.75 0.00573598
3271.31 0.00592121
3271.87 0.00612547
3272.43 0.00632969
3272.99 0.00653398
3273.55 0.00673832
3274.11 0.00694262
3274.67 0.0071469
3275.23 0.00735114
3275.79 0.00755544
3276.35 0.00775971
3276.91 0.00796403
3277.47 0.00816823
3278.04 0.00837258
3278.6 0.0085769
3279.16 0.00878118
3279.72 0.00898552
3280.28 0.00918982
3280.84 0.0093941
3281.4 0.00961846
3281.96 0.00984741
3282.52 0.0100763
3283.09 0.0103054
3283.65 0.0105343
3284.21 0.0107633
3284.77 0.0109923
3285.33 0.0112212
3285.89 0.0114502
3286.46 0.0116792
3287.02 0.0119082
3287.58 0.0121371
3288.14 0.0123661
3288.71 0.0125951
3289.27 0.0128241
3289.83 0.0130531
3290.39 0.0132821
3290.96 0.0135111
3291.52 0.0137437
3292.08 0.0139764
3292.65 0.0142091
3293.21 0.0144416
3293.77 0.0146743
3294.34 0.0149069
3294.9 0.0151395
3295.46 0.0153721
3296.03 0.0156048
3296.59 0.0158374
3297.16 0.0160701
3297.72 0.0163027
3298.28 0.0165354
3298.85 0.016768
3299.41 0.0170006
3299.98 0.0172333
3300.54 0.0174659
3301.11 0.0176996
3301.67 0.0179359
3302.23 0.0181721
3302.8 0.0184084
3303.36 0.0186447
3303.93 0.018881
3304.49 0.0191173
3305.06 0.0193536
3305.63 0.0195898
3306.19 0.0198262
3306.76 0.0200624
3307.32 0.0202988
3307.89 0.0205351
3308.45 0.0207713
3309.02 0.0210077
3309.59 0.021244
3310.15 0.0214803
3310.72 0.0217166
3311.28 0.0219813
3311.85 0.022266
3312.42 0.0225509
3312.98 0.0228356
3313.55 0.0231204
3314.12 0.0234051
3314.68 0.0236899
3315.25 0.0239746
3315.82 0.0242594
3316.39 0.0245441
3316.95 0.024829
3317.52 0.0251137
3318.09 0.0253986
3318.66 0.0256833
3319.22 0.0259681
3319.79 0.026253
3320.36 0.0265377
3320.93 0.0268225
3321.5 0.0271525
3322.06 0.0274849
3322.63 0.0278173
3323.2 0.0281497
3323.77 0.028482
3324.34 0.0288145
3324.91 0.029147
3325.47 0.0294793
3326.04 0.0298117
3326.61 0.0301442
3327.18 0.0304766
3327.75 0.030809
3328.32 0.0311415
3328.89 0.0314738
3329.46 0.0318063
3330.03 0.0321387
3330.6 0.0324711
3331.17 0.0328136
3331.74 0.0331737
3332.31 0.0335336
3332.88 0.0338936
3333.45 0.0342537
3334.02 0.0346136
3334.59 0.0349735
3335.16 0.0353336
3335.73 0.0356936
3336.3 0.0360534
3336.87 0.0364135
3337.44 0.0367735
3338.01 0.0371335
3338.58 0.0374935
3339.15 0.0378535
3339.73 0.0382134
3340.3 0.0385736
3340.87 0.0389335
3341.44 0.0392858
3342.01 0.039637
3342.58 0.039988
3343.15 0.0403391
3343.73 0.0406902
3344.3 0.0410411
3344.87 0.0413921
3345.44 0.0417432
3346.01 0.0420942
3346.59 0.0424452
3347.16 0.0427962
3347.73 0.0431474
3348.3 0.0434983
3348.88 0.0438495
3349.45 0.0442003
3350.02 0.0445516
3350.6 0.0449026
3351.17 0.0452418
3351.74 0.0455596
3352.32 0.0458776
3352.89 0.0461956
3353.46 0.0465136
3354.04 0.0468316
3354.61 0.0471496
3355.18 0.0474675
3355.76 0.0477855
3356.33 0.0481036
3356.91 0.0484217
3357.48 0.0487395
3358.06 0.0490576
3358.63 0.0493756
3359.2 0.0496936
3359.78 0.0500115
3360.35 0.0503296
3360.93 0.0506476
3361.5 0.0510091
3362.08 0.0513737
3362.65 0.0517381
3363.23 0.0521026
3363.8 0.0524672
3364.38 0.0528317
3364.96 0.0531962
3365.53 0.0535608
3366.11 0.0539253
3366.68 0.0542899
3367.26 0.0546544
3367.83 0.0550189
3368.41 0.0553834
3368.99 0.055748
3369.56 0.0561125
3370.14 0.056477
3370.72 0.0568415
3371.29 0.0572392
3371.87 0.0576628
3372.45 0.0580862
3373.02 0.0585097
3373.6 0.058933
3374.18 0.0593565
3374.75 0.0597801
3375.33 0.0602035
3375.91 0.060627
3376.49 0.0610504
3377.06 0.0614739
3377.64 0.0618975
3378.22 0.0623209
3378.8 0.0627443
3379.38 0.0631677
3379.95 0.0635912
3380.53 0.0640147
3381.11 0.0644365
3381.69 0.0648526
3382.27 0.0652688
3382.85 0.065685
3383.42 0.0661009
3384.0 0.0665171
3384.58 0.0669332
3385.16 0.0673495
3385.74 0.0677655
3386.32 0.0681817
3386.9 0.0685979
3387.48 0.069014
3388.06 0.0694303
3388.64 0.0698463
3389.22 0.0702624
3389.8 0.0706786
3390.38 0.0710949
3390.96 0.071511
3391.54 0.0719316
3392.12 0.0723524
3392.7 0.0727733
3393.28 0.0731941
3393.86 0.0736149
3394.44 0.0740359
3395.02 0.0744567
3395.6 0.0748776
3396.18 0.0752984
3396.76 0.0757192
3397.34 0.0761402
3397.92 0.076561
3398.5 0.0769819
3399.09 0.0774027
3399.67 0.0778236
3400.25 0.0782344
3400.83 0.0786317
3401.41 0.0789911
3401.99 0.0793376
3402.58 0.0796841
3403.16 0.0800302
3403.74 0.0803761
3404.32 0.0807216
3404.9 0.0810672
3405.49 0.0814124
3406.07 0.0817574
3406.65 0.082102
3407.23 0.0824465
3407.82 0.0827908
3408.4 0.0831348
3408.98 0.0834788
3409.57 0.0838223
3410.15 0.0841656
3410.73 0.0845087
3411.32 0.0848303
3411.9 0.0851362
3412.48 0.0854419
3413.07 0.0857474
3413.65 0.0860528
3414.24 0.0863579
3414.82 0.0866626
3415.4 0.0869673
3415.99 0.0872717
3416.57 0.087576
3417.16 0.0878799
3417.74 0.0881838
3418.33 0.0884874
3418.91 0.0887908
3419.5 0.0890941
3420.08 0.0893969
3420.67 0.0896996
3421.25 0.0899926
3421.84 0.0902741
3422.42 0.0905552
3423.01 0.0908362
3423.59 0.0911169
3424.18 0.0913975
3424.76 0.0916779
3425.35 0.0919581
3425.94 0.092238
3426.52 0.0925179
3427.11 0.0927975
3427.69 0.0930768
3428.28 0.0933559
3428.87 0.0936349
3429.45 0.0939137
3430.04 0.0941923
3430.63 0.0944703
3431.21 0.0947537
3431.8 0.0950452
3432.39 0.0953366
3432.97 0.0956277
3433.56 0.0959186
3434.15 0.0962093
3434.74 0.0964998
3435.32 0.0967901
3435.91 0.09708
3436.5 0.09737
3437.09 0.0976596
3437.68 0.097949
3438.26 0.0982383
3438.85 0.0985272
3439.44 0.098816
3440.03 0.0991046
3440.62 0.099393
3441.21 0.0997064
3441.79 0.100062
3442.38 0.100418
3442.97 0.100773
3443.56 0.101128
3444.15 0.101482
3444.74 0.101837
3445.33 0.102191
3445.92 0.102545
3446.51 0.102899
3447.1 0.103252
3447.69 0.103605
3448.28 0.103958
3448.87 0.104311
3449.46 0.104663
3450.05 0.105015
3450.64 0.105367
3451.23 0.10573
3451.82 0.106111
3452.41 0.106491
3453.0 0.106871
3453.59 0.10725
3454.18 0.107629
3454.77 0.108008
3455.36 0.108387
3455.95 0.108765
3456.54 0.109143
3457.13 0.109521
3457.73 0.109899
3458.32 0.110276
3458.91 0.110653
3459.5 0.11103
3460.09 0.111406
3460.68 0.111782
3461.28 0.112171
3461.87 0.112573
3462.46 0.112975
3463.05 0.113376
3463.65 0.113777
3464.24 0.114178
3464.83 0.114579
3465.42 0.114979
3466.02 0.115379
3466.61 0.115778
3467.2 0.116178
3467.79 0.116577
3468.39 0.116976
3468.98 0.117374
3469.57 0.117772
3470.17 0.11817
3470.76 0.118568
3471.36 0.118959
3471.95 0.119346
3472.54 0.119732
3473.14 0.120118
3473.73 0.120504
3474.33 0.120889
3474.92 0.121275
3475.51 0.12166
3476.11 0.122044
3476.7 0.122429
3477.3 0.122813
3477.89 0.123197
3478.49 0.12358
3479.08 0.123963
3479.68 0.124346
3480.27 0.124729
3480.87 0.125111
3481.46 0.125459
3482.06 0.125798
3482.66 0.126136
3483.25 0.126474
3483.85 0.126812
3484.44 0.12715
3485.04 0.127487
3485.64 0.127824
3486.23 0.128161
3486.83 0.128498
3487.42 0.128834
3488.02 0.12917
3488.62 0.129506
3489.21 0.129841
3489.81 0.130176
3490.41 0.130511
3491.01 0.130845
3491.6 0.13113
3492.2 0.131414
3492.8 0.131697
3493.39 0.131981
3493.99 0.132264
3494.59 0.132547
3495.19 0.13283
3495.79 0.133112
3496.38 0.133395
3496.98 0.133677
3497.58 0.133959
3498.18 0.13424
3498.78 0.134522
3499.38 0.134803
3499.97 0.135084
3500.57 0.135364
3501.17 0.135629
3501.77 0.135856
3502.37 0.136083
3502.97 0.13631
3503.57 0.136536
3504.17 0.136762
3504.77 0.136988
3505.37 0.137213
3505.97 0.137439
3506.57 0.137664
3507.17 0.137889
3507.77 0.138114
3508.37 0.138339
3508.97 0.138563
3509.57 0.138787
3510.17 0.139011
3510.77 0.139235
3511.37 0.13943
3511.97 0.139606
3512.57 0.139781
3513.17 0.139957
3513.77 0.140132
3514.37 0.140308
3514.97 0.140483
3515.57 0.140657
3516.18 0.140832
3516.78 0.141006
3517.38 0.141181
3517.98 0.141355
3518.58 0.141529
3519.18 0.141703
3519.79 0.141876
3520.39 0.14205
3520.99 0.142223
3521.59 0.142384
3522.19 0.142544
3522.8 0.142705
3523.4 0.142865
3524.0 0.143025
3524.61 0.143185
3525.21 0.143345
3525.81 0.143504
3526.41 0.143663
3527.02 0.143823
3527.62 0.143982
3528.22 0.14414
3528.83 0.144299
3529.43 0.144458
3530.04 0.144616
3530.64 0.144774
3531.24 0.144919
3531.85 0.145042
3532.45 0.145164
3533.06 0.145287
3533.66 0.145409
3534.26 0.145531
3534.87 0.145653
3535.47 0.145775
3536.08 0.145897
3536.68 0.146019
3537.29 0.14614
3537.89 0.146262
3538.5 0.146383
3539.1 0.146504
3539.71 0.146625
3540.31 0.146746
3540.92 0.146866
3541.53 0.146987
3542.13 0.147107
3542.74 0.147227
3543.34 0.147347
3543.95 0.147466
3544.56 0.147586
3545.16 0.147706
3545.77 0.147825
3546.38 0.147944
3546.98 0.148063
3547.59 0.148182
3548.2 0.148301
3548.8 0.148419
3549.41 0.148538
3550.02 0.148656
3550.62 0.148774
3551.23 0.14889
3551.84 0.149003
3552.45 0.149115
3553.05 0.149227
3553.66 0.149339
3554.27 0.149451
3554.88 0.149563
3555.49 0.149674
3556.09 0.149786
3556.7 0.149897
3557.31 0.150008
3557.92 0.150119
3558.53 0.15023
3559.14 0.150341
3559.75 0.150451
3560.35 0.150562
3560.96 0.150672
3561.57 0.150808
3562.18 0.150946
3562.79 0.151084
3563.4 0.151222
3564.01 0.151359
3564.62 0.151497
3565.23 0.151634
3565.84 0.151771
3566.45 0.151908
3567.06 0.152045
3567.67 0.152182
3568.28 0.152318
3568.89 0.152455
3569.5 0.152591
3570.11 0.152727
3570.72 0.152863
3571.33 0.153009
3571.94 0.153164
3572.56 0.153319
3573.17 0.153475
3573.78 0.153629
3574.39 0.153784
3575.0 0.153939
3575.61 0.154093
3576.22 0.154247
3576.84 0.154401
3577.45 0.154555
3578.06 0.154708
3578.67 0.154862
3579.28 0.155015
3579.9 0.155168
3580.51 0.155321
3581.12 0.155473
3581.73 0.155624
3582.35 0.155774
3582.96 0.155924
3583.57 0.156074
3584.19 0.156223
3584.8 0.156373
3585.41 0.156522
3586.02 0.156671
3586.64 0.15682
3587.25 0.156969
3587.87 0.157117
3588.48 0.157266
3589.09 0.157414
3589.71 0.157562
3590.32 0.15771
3590.94 0.157857
3591.55 0.157997
3592.16 0.158136
3592.78 0.158274
3593.39 0.158413
3594.01 0.158551
3594.62 0.158688
3595.24 0.158826
3595.85 0.158964
3596.47 0.159101
3597.08 0.159238
3597.7 0.159375
3598.31 0.159512
3598.93 0.159648
3599.54 0.159785
3600.16 0.159946
3600.78 0.160179
3601.39 0.160389
3602.01 0.160582
3602.62 0.160776
3603.24 0.16097
3603.86 0.161164
3604.47 0.161358
3605.09 0.161553
3605.71 0.161747
3606.32 0.161941
3606.94 0.162136
3607.56 0.16233
3608.17 0.162525
3608.79 0.162719
3609.41 0.162914
3610.03 0.163109
3610.64 0.163304
3611.26 0.163487
3611.88 0.163649
3612.5 0.163812
3613.12 0.163974
3613.73 0.164137
3614.35 0.164299
3614.97 0.164462
3615.59 0.164625
3616.21 0.164787
3616.83 0.16495
3617.44 0.165113
3618.06 0.165276
3618.68 0.165439
3619.3 0.165602
3619.92 0.165766
3620.54 0.165929
3621.16 0.166082
3621.78 0.166195
3622.4 0.166308
3623.02 0.166421
3623.64 0.166534
3624.26 0.166648
3624.88 0.166761
3625.5 0.166874
3626.12 0.166988
3626.74 0.167101
3627.36 0.167215
3627.98 0.167328
3628.6 0.167442
3629.22 0.167555
3629.84 0.167669
3630.46 0.167781
3631.08 0.167891
3631.7 0.167971
3632.32 0.16805
3632.95 0.16813
3633.57 0.16821
3634.19 0.16829
3634.81 0.16837
3635.43 0.168449
3636.05 0.168529
3636.68 0.168609
3637.3 0.168689
3637.92 0.168769
3638.54 0.168849
3639.17 0.168929
3639.79 0.169009
3640.41 0.169089
3641.03 0.169169
3641.66 0.169268
3642.28 0.169367
3642.9 0.169466
3643.53 0.169564
3644.15 0.169663
3644.77 0.169762
3645.4 0.169861
3646.02 0.16996
3646.64 0.170059
3647.27 0.170158
3647.89 0.170257
3648.51 0.170357
3649.14 0.170456
3649.76 0.170555
3650.39 0.170654
3651.01 0.170754
3651.64 0.170851
3652.26 0.170949
3652.89 0.171046
3653.51 0.171144
3654.14 0.171241
3654.76 0.171339
3655.39 0.171437
3656.01 0.171535
3656.64 0.171632
3657.26 0.17173
3657.89 0.171828
3658.51 0.171926
3659.14 0.172024
3659.76 0.172122
3660.39 0.17222
3661.02 0.172318
3661.64 0.172441
3662.27 0.172564
3662.9 0.172688
3663.52 0.172812
3664.15 0.172936
3664.78 0.173059
3665.4 0.173183
3666.03 0.173307
3666.66 0.173431
3667.28 0.173555
3667.91 0.17368
3668.54 0.173804
3669.17 0.173928
3669.79 0.174052
3670.42 0.174176
3671.05 0.174301
3671.68 0.174426
3672.31 0.174552
3672.93 0.174678
3673.56 0.174803
3674.19 0.174929
3674.82 0.175055
3675.45 0.175181
3676.08 0.175307
3676.71 0.175433
3677.33 0.175559
3677.96 0.175685
3678.59 0.175811
3679.22 0.175937
3679.85 0.176063
3680.48 0.176189
3681.11 0.176315
3681.74 0.176432
3682.37 0.17655
3683.0 0.176667
3683.63 0.176785
3684.26 0.176903
3684.89 0.177021
3685.52 0.177138
3686.15 0.177256
3686.78 0.177374
3687.41 0.177492
3688.04 0.17761
3688.67 0.177728
3689.31 0.177846
3689.94 0.177964
3690.57 0.178083
3691.2 0.1782
3691.83 0.178314
3692.46 0.178428
3693.09 0.178542
3693.73 0.178656
3694.36 0.17877
3694.99 0.178884
3695.62 0.178998
3696.25 0.179113
3696.89 0.179227
3697.52 0.179341
3698.15 0.179456
3698.78 0.17957
3699.42 0.179685
3700.05 0.179799
3700.68 0.179914
3701.31 0.180011
3701.95 0.180083
3702.58 0.180155
3703.21 0.180227
3703.85 0.180299
3704.48 0.180371
3705.11 0.180443
3705.75 0.180516
3706.38 0.180588
3707.02 0.18066
3707.65 0.180732
3708.29 0.180805
3708.92 0.180877
3709.55 0.180949
3710.19 0.181021
3710.82 0.181094
3711.46 0.181168
3712.09 0.181244
3712.73 0.181319
3713.36 0.181395
3714.0 0.181471
3714.63 0.181546
3715.27 0.181622
3715.9 0.181698
3716.54 0.181774
3717.18 0.181849
3717.81 0.181925
3718.45 0.182001
3719.08 0.182077
3719.72 0.182153
3720.36 0.182229
3720.99 0.182305
3721.63 0.182379
3722.27 0.182454
3722.9 0.182528
3723.54 0.182603
3724.18 0.182677
3724.81 0.182752
3725.45 0.182826
3726.09 0.182901
3726.73 0.182975
3727.36 0.18305
3728.0 0.183124
3728.64 0.183199
3729.28 0.183274
3729.91 0.183348
3730.55 0.183423
3731.19 0.183502
3731.83 0.183596
3732.47 0.18369
3733.11 0.183784
3733.74 0.183878
3734.38 0.183972
3735.02 0.184066
3735.66 0.18416
3736.3 0.184254
3736.94 0.184349
3737.58 0.184443
3738.22 0.184537
3738.86 0.184631
3739.5 0.184726
3740.14 0.18482
3740.78 0.184914
3741.42 0.185017
3742.06 0.185125
3742.7 0.185234
3743.34 0.185343
3743.98 0.185451
3744.62 0.18556
3745.26 0.185669
3745.9 0.185778
3746.54 0.185887
3747.18 0.185996
3747.82 0.186105
3748.46 0.186214
3749.1 0.186323
3749.74 0.186432
3750.39 0.186541
3751.03 0.18665
3751.67 0.186765
3752.31 0.186881
3752.95 0.186997
3753.59 0.187112
3754.24 0.187228
3754.88 0.187344
3755.52 0.18746
3756.16 0.187576
3756.81 0.187692
3757.45 0.187808
3758.09 0.187924
3758.73 0.18804
3759.38 0.188156
3760.02 0.188272
3760.66 0.188388
3761.31 0.188505
3761.95 0.188625
3762.59 0.188744
3763.24 0.188863
3763.88 0.188982
3764.53 0.189102
3765.17 0.189221
3765.81 0.189341
3766.46 0.18946
3767.1 0.18958
3767.75 0.189699
3768.39 0.189819
3769.04 0.189939
3769.68 0.190058
3770.32 0.190178
3770.97 0.190298
3771.61 0.190373
3772.26 0.190439
3772.91 0.190506
3773.55 0.190572
3774.2 0.190639
3774.84 0.190705
3775.49 0.190772
3776.13 0.190839
3776.78 0.190905
3777.43 0.190972
3778.07 0.191039
3778.72 0.191105
3779.36 0.191172
3780.01 0.191239
3780.66 0.191306
3781.3 0.191363
3781.95 0.191405
3782.6 0.191446
3783.25 0.191488
3783.89 0.191529
3784.54 0.191571
3785.19 0.191613
3785.83 0.191654
3786.48 0.191696
3787.13 0.191737
3787.78 0.191779
3788.43 0.191821
3789.07 0.191862
3789.72 0.191904
3790.37 0.191946
3791.02 0.191987
3791.67 0.192002
3792.32 0.192015
3792.96 0.192027
3793.61 0.19204
3794.26 0.192052
3794.91 0.192065
3795.56 0.192077
3796.21 0.19209
3796.86 0.192102
3797.51 0.192115
3798.16 0.192127
3798.81 0.19214
3799.46 0.192152
3800.11 0.192173
3800.76 0.192234
3801.41 0.192279
3802.06 0.192308
3802.71 0.192337
3803.36 0.192366
3804.01 0.192395
3804.66 0.192424
3805.31 0.192452
3805.96 0.192481
3806.61 0.19251
3807.26 0.192539
3807.92 0.192567
3808.57 0.192596
3809.22 0.192625
3809.87 0.192653
3810.52 0.192682
3811.17 0.192714
3811.83 0.192768
3812.48 0.192822
3813.13 0.192877
3813.78 0.192931
3814.43 0.192985
3815.09 0.193039
3815.74 0.193093
3816.39 0.193147
3817.04 0.193201
3817.7 0.193256
3818.35 0.19331
3819.0 0.193364
3819.66 0.193418
3820.31 0.193472
3820.96 0.193526
3821.62 0.193589
3822.27 0.193654
3822.93 0.193719
3823.58 0.193784
3824.23 0.193849
3824.89 0.193913
3825.54 0.193978
3826.2 0.194043
3826.85 0.194108
3827.51 0.194173
3828.16 0.194238
3828.82 0.194303
3829.47 0.194368
3830.13 0.194433
3830.78 0.194498
3831.44 0.194588
3832.09 0.194702
3832.75 0.194815
3833.4 0.194928
3834.06 0.195042
3834.71 0.195155
3835.37 0.195269
3836.03 0.195382
3836.68 0.195496
3837.34 0.195609
3837.99 0.195723
3838.65 0.195837
3839.31 0.195951
3839.97 0.196065
3840.62 0.196178
3841.28 0.196302
3841.94 0.196451
3842.59 0.1966
3843.25 0.196748
3843.91 0.196897
3844.57 0.197046
3845.22 0.197195
3845.88 0.197344
3846.54 0.197493
3847.2 0.197643
3847.85 0.197792
3848.51 0.197941
3849.17 0.198091
3849.83 0.198241
3850.49 0.19839
3851.15 0.198541
3851.81 0.198701
3852.46 0.198861
3853.12 0.199021
3853.78 0.199181
3854.44 0.199342
3855.1 0.199502
3855.76 0.199662
3856.42 0.199823
3857.08 0.199984
3857.74 0.200145
3858.4 0.200305
3859.06 0.200466
3859.72 0.200628
3860.38 0.200789
3861.04 0.20095
3861.7 0.201095
3862.36 0.201238
3863.02 0.201382
3863.68 0.201525
3864.34 0.201669
3865.01 0.201813
3865.67 0.201957
3866.33 0.202101
3866.99 0.202245
3867.65 0.202389
3868.31 0.202533
3868.97 0.202677
3869.64 0.202822
3870.3 0.202966
3870.96 0.203111
3871.62 0.203216
3872.28 0.20331
3872.95 0.203405
3873.61 0.203499
3874.27 0.203594
3874.93 0.203688
3875.6 0.203783
3876.26 0.203878
3876.92 0.203972
3877.59 0.204067
3878.25 0.204162
3878.91 0.204257
3879.58 0.204352
3880.24 0.204446
3880.9 0.204541
3881.57 0.204606
3882.23 0.204658
3882.9 0.204709
3883.56 0.204761
3884.22 0.204813
3884.89 0.204865
3885.55 0.204917
3886.22 0.204968
3886.88 0.20502
3887.55 0.205072
3888.21 0.205124
3888.88 0.205175
3889.54 0.205227
3890.21 0.205279
3890.87 0.20533
3891.54 0.205341
3892.21 0.20533
3892.87 0.205319
3893.54 0.205308
3894.2 0.205297
3894.87 0.205285
3895.54 0.205274
3896.2 0.205263
3896.87 0.205251
3897.54 0.20524
3898.2 0.205228
3898.87 0.205217
3899.54 0.205205
3900.2 0.205193
3900.87 0.205181
3901.54 0.20515
3902.2 0.205109
3902.87 0.205068
3903.54 0.205027
3904.21 0.204985
3904.88 0.204944
3905.54 0.204902
3906.21 0.20486
3906.88 0.204818
3907.55 0.204776
3908.22 0.204734
3908.89 0.204692
3909.55 0.20465
3910.22 0.204608
3910.89 0.204565
3911.56 0.204527
3912.23 0.204491
3912.9 0.204455
3913.57 0.204419
3914.24 0.204382
3914.91 0.204346
3915.58 0.20431
3916.25 0.204273
3916.92 0.204237
3917.59 0.2042
3918.26 0.204163
3918.93 0.204126
3919.6 0.204089
3920.27 0.204052
3920.94 0.204015
3921.61 0.203995
3922.28 0.203981
3922.95 0.203967
3923.62 0.203953
3924.29 0.203939
3924.96 0.203925
3925.64 0.203911
3926.31 0.203896
3926.98 0.203882
3927.65 0.203868
3928.32 0.203853
3928.99 0.203839
3929.67 0.203824
3930.34 0.203809
3931.01 0.203795
3931.68 0.203833
3932.36 0.20388
3933.03 0.203928
3933.7 0.203976
3934.37 0.204023
3935.05 0.204071
3935.72 0.204119
3936.39 0.204166
3937.07 0.204214
3937.74 0.204261
3938.41 0.204309
3939.09 0.204356
3939.76 0.204404
3940.44 0.204451
3941.11 0.204499
3941.78 0.204583
3942.46 0.204667
3943.13 0.204751
3943.81 0.204836
3944.48 0.20492
3945.16 0.205004
3945.83 0.205089
3946.51 0.205173
3947.18 0.205258
3947.86 0.205342
3948.53 0.205427
3949.21 0.205511
3949.88 0.205596
3950.56 0.20568
3951.23 0.205774
3951.91 0.205916
3952.59 0.206058
3953.26 0.206199
3953.94 0.206341
3954.62 0.206483
3955.29 0.206625
3955.97 0.206767
3956.65 0.206909
3957.32 0.207051
3958.0 0.207193
3958.68 0.207335
3959.35 0.207478
3960.03 0.20762
3960.71 0.207762
3961.39 0.207905
3962.06 0.208049
3962.74 0.208193
3963.42 0.208338
3964.1 0.208482
3964.77 0.208626
3965.45 0.20877
3966.13 0.208915
3966.81 0.209059
3967.49 0.209204
3968.17 0.209349
3968.85 0.209493
3969.52 0.209638
3970.2 0.209783
3970.88 0.209928
3971.56 0.210072
3972.24 0.210215
3972.92 0.210359
3973.6 0.210502
3974.28 0.210646
3974.96 0.210789
3975.64 0.210933
3976.32 0.211077
3977.0 0.211221
3977.68 0.211365
3978.36 0.211509
3979.04 0.211653
3979.72 0.211797
3980.4 0.211941
3981.08 0.212086
3981.77 0.212195
3982.45 0.212302
3983.13 0.21241
3983.81 0.212517
3984.49 0.212624
3985.17 0.212732
3985.85 0.212839
3986.54 0.212946
3987.22 0.213054
3987.9 0.213161
3988.58 0.213269
3989.26 0.213377
3989.95 0.213484
3990.63 0.213592
3991.31 0.213681
3991.99 0.213718
3992.68 0.213756
3993.36 0.213794
3994.04 0.213831
3994.73 0.213869
3995.41 0.213906
3996.09 0.213944
3996.78 0.213981
3997.46 0.214019
3998.14 0.214056
3998.83 0.214094
3999.51 0.214131
4000.2 0.214153
4000.88 0.214135
4001.57 0.214094
4002.25 0.214038
4002.93 0.213982
4003.62 0.213926
4004.3 0.21387
4004.99 0.213814
4005.67 0.213758
4006.36 0.213702
4007.04 0.213646
4007.73 0.21359
4008.42 0.213534
4009.1 0.213478
4009.79 0.213421
4010.47 0.213365
4011.16 0.213307
4011.85 0.213197
4012.53 0.213087
4013.22 0.212977
4013.9 0.212866
4014.59 0.212756
4015.28 0.212646
4015.97 0.212536
4016.65 0.212425
4017.34 0.212315
4018.03 0.212205
4018.71 0.212094
4019.4 0.211984
4020.09 0.211873
4020.78 0.211762
4021.46 0.211648
4022.15 0.211528
4022.84 0.211409
4023.53 0.211289
4024.22 0.21117
4024.9 0.21105
4025.59 0.210931
4026.28 0.210811
4026.97 0.210692
4027.66 0.210572
4028.35 0.210452
4029.04 0.210332
4029.73 0.210212
4030.42 0.210098
4031.11 0.209987
4031.8 0.209873
4032.48 0.209759
4033.17 0.209645
4033.86 0.209531
4034.55 0.209417
4035.24 0.209303
4035.94 0.209189
4036.63 0.209074
4037.32 0.20896
4038.01 0.208846
4038.7 0.208731
4039.39 0.208617
4040.08 0.208502
4040.77 0.208387
4041.46 0.208287
4042.15 0.208204
4042.84 0.208121
4043.54 0.208038
4044.23 0.207955
4044.92 0.207871
4045.61 0.207788
4046.3 0.207704
4047.0 0.207621
4047.69 0.207538
4048.38 0.207454
4049.07 0.20737
4049.77 0.207287
4050.46 0.207203
4051.15 0.20712
4051.84 0.207107
4052.54 0.207094
4053.23 0.207081
4053.92 0.207068
4054.62 0.207055
4055.31 0.207042
4056.0 0.207029
4056.7 0.207016
4057.39 0.207003
4058.09 0.20699
4058.78 0.206978
4059.47 0.206965
4060.17 0.206951
4060.86 0.206938
4061.56 0.206935
4062.25 0.20694
4062.95 0.206944
4063.64 0.206948
4064.34 0.206953
4065.03 0.206957
4065.73 0.206961
4066.42 0.206965
4067.12 0.20697
4067.82 0.206974
4068.51 0.206978
4069.21 0.206982
4069.9 0.206987
4070.6 0.206991
4071.3 0.207003
4071.99 0.207048
4072.69 0.207093
4073.39 0.207138
4074.08 0.207183
4074.78 0.207228
4075.48 0.207272
4076.17 0.207317
4076.87 0.207362
4077.57 0.207407
4078.27 0.207452
4078.96 0.207497
4079.66 0.207542
4080.36 0.207587
4081.06 0.207632
4081.76 0.20769
4082.45 0.20775
4083.15 0.20781
4083.85 0.20787
4084.55 0.20793
4085.25 0.20799
4085.95 0.20805
4086.65 0.208111
4087.34 0.208171
4088.04 0.208231
4088.74 0.208291
4089.44 0.208351
4090.14 0.208412
4090.84 0.208472
4091.54 0.208529
4092.24 0.208582
4092.94 0.208636
4093.64 0.20869
4094.34 0.208744
4095.04 0.208798
4095.74 0.208852
4096.44 0.208906
4097.14 0.20896
4097.85 0.209014
4098.55 0.209068
4099.25 0.209122
4099.95 0.209176
4100.65 0.20923
4101.35 0.209283
4102.05 0.209333
4102.75 0.209383
4103.46 0.209433
4104.16 0.209483
4104.86 0.209533
4105.56 0.209583
4106.26 0.209633
4106.97 0.209684
4107.67 0.209734
4108.37 0.209784
4109.08 0.209834
4109.78 0.209885
4110.48 0.209935
4111.18 0.209983
4111.89 0.209991
4112.59 0.209999
4113.29 0.210007
4114.0 0.210015
4114.7 0.210023
4115.41 0.210031
4116.11 0.210039
4116.81 0.210047
4117.52 0.210055
4118.22 0.210063
4118.93 0.210071
4119.63 0.210079
4120.34 0.210087
4121.04 0.210094
4121.75 0.210091
4122.45 0.210085
4123.16 0.210079
4123.86 0.210073
4124.57 0.210068
4125.27 0.210062
4125.98 0.210056
4126.68 0.21005
4127.39 0.210044
4128.1 0.210038
4128.8 0.210032
4129.51 0.210027
4130.21 0.210021
4130.92 0.210015
4131.63 0.209982
4132.33 0.209937
4133.04 0.209891
4133.75 0.209845
4134.46 0.209799
4135.16 0.209753
4135.87 0.209707
4136.58 0.209661
4137.29 0.209615
4137.99 0.209569
4138.7 0.209523
4139.41 0.209477
4140.12 0.209431
4140.83 0.209384
4141.53 0.209341
4142.24 0.209299
4142.95 0.209257
4143.66 0.209216
4144.37 0.209174
4145.08 0.209132
4145.79 0.20909
4146.5 0.209049
4147.2 0.209007
4147.91 0.208965
4148.62 0.208923
4149.33 0.208881
4150.04 0.20884
4150.75 0.208798
4151.46 0.20876
4152.17 0.20873
4152.88 0.208699
4153.59 0.208668
4154.3 0.208637
4155.02 0.208607
4155.73 0.208576
4156.44 0.208545
4157.15 0.208514
4157.86 0.208483
4158.57 0.208453
4159.28 0.208422
4159.99 0.208391
4160.7 0.20836
4161.42 0.20833
4162.13 0.208304
4162.84 0.208277
4163.55 0.208251
4164.26 0.208224
4164.98 0.208198
4165.69 0.208171
4166.4 0.208144
4167.11 0.208118
4167.83 0.208091
4168.54 0.208064
4169.25 0.208038
4169.97 0.208011
4170.68 0.207984
4171.39 0.207972
4172.11 0.207993
4172.82 0.208014
4173.53 0.208036
4174.25 0.208057
4174.96 0.208078
4175.68 0.208099
4176.39 0.20812
4177.11 0.208142
4177.82 0.208163
4178.53 0.208184
4179.25 0.208205
4179.96 0.208227
4180.68 0.208248
4181.39 0.208271
4182.11 0.2083
4182.83 0.208328
4183.54 0.208357
4184.26 0.208385
4184.97 0.208413
4185.69 0.208442
4186.4 0.20847
4187.12 0.208499
4187.84 0.208527
4188.55 0.208556
4189.27 0.208584
4189.99 0.208613
4190.7 0.208641
4191.42 0.20868
4192.14 0.208738
4192.85 0.208797
4193.57 0.208855
4194.29 0.208913
4195.01 0.208972
4195.72 0.209031
4196.44 0.209089
4197.16 0.209148
4197.88 0.209206
4198.6 0.209265
4199.31 0.209324
4200.03 0.209382
4200.75 0.209441
4201.47 0.209503
4202.19 0.209572
4202.91 0.20964
4203.63 0.209708
4204.34 0.209776
4205.06 0.209845
4205.78 0.209913
4206.5 0.209982
4207.22 0.21005
4207.94 0.210118
4208.66 0.210187
4209.38 0.210255
4210.1 0.210324
4210.82 0.210392
4211.54 0.210457
4212.26 0.210517
4212.98 0.210577
4213.7 0.210637
4214.42 0.210698
4215.15 0.210758
4215.87 0.210818
4216.59 0.210879
4217.31 0.210939
4218.03 0.210999
4218.75 0.21106
4219.47 0.21112
4220.2 0.211181
4220.92 0.211241
4221.64 0.211298
4222.36 0.211352
4223.08 0.211407
4223.81 0.211461
4224.53 0.211516
4225.25 0.21157
4225.97 0.211625
4226.7 0.21168
4227.42 0.211734
4228.14 0.211789
4228.87 0.211844
4229.59 0.211898
4230.31 0.21195
4231.04 0.211999
4231.76 0.212018
4232.48 0.212029
4233.21 0.21204
4233.93 0.21205
4234.66 0.212061
4235.38 0.212072
4236.11 0.212083
4236.83 0.212094
4237.56 0.212104
4238.28 0.212115
4239.01 0.212126
4239.73 0.212137
4240.46 0.212148
4241.18 0.212158
4241.91 0.21215
4242.63 0.212141
4243.36 0.212131
4244.08 0.212122
4244.81 0.212113
4245.54 0.212104
4246.26 0.212095
4246.99 0.212086
4247.71 0.212077
4248.44 0.212068
4249.17 0.212059
4249.9 0.212049
4250.62 0.21204
4251.35 0.212025
4252.08 0.211989
4252.8 0.211952
4253.53 0.211916
4254.26 0.211879
4254.99 0.211842
4255.71 0.211806
4256.44 0.211769
4257.17 0.211733
4257.9 0.211696
4258.63 0.211659
4259.36 0.211623
4260.08 0.211586
4260.81 0.211549
4261.54 0.211499
4262.27 0.211433
4263.0 0.211368
4263.73 0.211302
4264.46 0.211237
4265.19 0.211171
4265.92 0.211106
4266.65 0.21104
4267.38 0.210975
4268.11 0.210909
4268.84 0.210843
4269.57 0.210778
4270.3 0.210712
4271.03 0.210646
4271.76 0.210564
4272.49 0.210477
4273.22 0.21039
4273.95 0.210303
4274.68 0.210216
4275.41 0.210129
4276.15 0.210042
4276.88 0.209954
4277.61 0.209867
4278.34 0.20978
4279.07 0.209693
4279.8 0.209605
4280.54 0.209518
4281.27 0.209429
4282.0 0.209332
4282.73 0.209235
4283.47 0.209137
4284.2 0.20904
4284.93 0.208943
4285.67 0.208845
4286.4 0.208747
4287.13 0.20865
4287.86 0.208552
4288.6 0.208455
4289.33 0.208357
4290.07 0.208259
4290.8 0.208161
4291.53 0.208067
4292.27 0.207979
4293.0 0.20789
4293.74 0.207802
4294.47 0.207713
4295.21 0.207624
4295.94 0.207535
4296.67 0.207447
4297.41 0.207358
4298.14 0.207269
4298.88 0.20718
4299.62 0.207091
4300.35 0.207002
4301.09 0.206913
4301.82 0.206788
4302.56 0.206656
4303.29 0.206525
4304.03 0.206393
4304.77 0.206261
4305.5 0.206129
4306.24 0.205997
4306.98 0.205865
4307.71 0.205732
4308.45 0.2056
4309.19 0.205468
4309.92 0.205336
4310.66 0.205203
4311.4 0.205078
4312.14 0.204972
4312.87 0.204866
4313.61 0.20476
4314.35 0.204654
4315.09 0.204547
4315.83 0.204441
4316.56 0.204335
4317.3 0.204229
4318.04 0.204123
4318.78 0.204016
4319.52 0.20391
4320.26 0.203804
4321.0 0.203697
4321.74 0.203614
4322.47 0.203542
4323.21 0.203469
4323.95 0.203396
4324.69 0.203323
4325.43 0.20325
4326.17 0.203177
4326.91 0.203104
4327.65 0.20303
4328.39 0.202957
4329.13 0.202884
4329.87 0.202811
4330.61 0.202738
4331.36 0.202681
4332.1 0.202699
4332.84 0.202717
4333.58 0.202735
4334.32 0.202753
4335.06 0.202771
4335.8 0.202789
4336.54 0.202807
4337.29 0.202825
4338.03 0.202843
4338.77 0.202861
4339.51 0.202879
4340.26 0.202897
4341.0 0.202914
4341.74 0.20304
4342.48 0.203212
4343.23 0.203383
4343.97 0.203555
4344.71 0.203727
4345.46 0.203899
4346.2 0.204071
4346.94 0.204243
4347.69 0.204415
4348.43 0.204588
4349.17 0.20476
4349.92 0.204932
4350.66 0.205105
4351.41 0.205302
4352.15 0.205577
4352.89 0.205852
4353.64 0.206128
4354.38 0.206403
4355.13 0.206679
4355.87 0.206954
4356.62 0.20723
4357.36 0.207506
4358.11 0.207782
4358.85 0.208058
4359.6 0.208333
4360.35 0.20861
4361.09 0.208886
4361.84 0.209019
4362.58 0.209122
4363.33 0.209224
4364.08 0.209326
4364.82 0.209429
4365.57 0.209531
4366.32 0.209634
4367.06 0.209736
4367.81 0.209839
4368.56 0.209941
4369.31 0.210044
4370.05 0.210147
4370.8 0.210249
4371.55 0.209986
4372.3 0.209234
4373.04 0.208482
4373.79 0.207729
4374.54 0.206976
4375.29 0.206222
4376.04 0.205469
4376.79 0.204715
4377.53 0.203961
4378.28 0.203206
4379.03 0.202451
4379.78 0.201696
4380.53 0.200941
4381.28 0.200082
4382.03 0.197739
4382.78 0.195395
4383.53 0.193049
4384.28 0.190704
4385.03 0.188357
4385.78 0.186009
4386.53 0.183661
4387.28 0.181311
4388.03 0.178961
4388.78 0.176611
4389.53 0.174258
4390.28 0.171907
4391.03 0.169551
4391.78 0.166264
4392.54 0.162634
4393.29 0.159003
4394.04 0.155374
4394.79 0.151739
4395.54 0.148104
4396.29 0.144468
4397.04 0.140833
4397.8 0.137193
4398.55 0.133553
4399.3 0.129911
4400.05 0.126269
4400.81 0.122626
4401.56 0.119031
4402.31 0.115501
4403.07 0.111969
4403.82 0.108438
4404.57 0.104904
4405.33 0.101369
4406.08 0.0978339
4406.83 0.0942956
4407.59 0.0907566
4408.34 0.0872169
4409.1 0.0836765
4409.85 0.0801331
4410.6 0.076589
4411.36 0.0732054
4412.11 0.0706748
4412.87 0.0681453
4413.62 0.0656137
4414.38 0.0630816
4415.13 0.0605473
4415.89 0.0580126
4416.64 0.0554773
4417.4 0.0529416
4418.15 0.0504037
4418.91 0.0478653
4419.67 0.0453264
4420.42 0.042787
4421.18 0.0402471
4421.93 0.0386911
4422.69 0.0372234
4423.45 0.0357564
4424.2 0.0342881
4424.96 0.0328196
4425.72 0.0313508
4426.48 0.0298807
4427.23 0.0284113
4427.99 0.0269406
4428.75 0.0254697
4429.5 0.0239975
4430.26 0.0225253
4431.02 0.0210531
4431.78 0.0200973
4432.54 0.0193572
4433.29 0.0186169
4434.05 0.0178764
4434.81 0.0171357
4435.57 0.0163944
4436.33 0.0156528
4437.09 0.0149111
4437.85 0.0141692
4438.61 0.0134266
4439.37 0.0126838
4440.12 0.0119404
4440.88 0.0111972
4441.64 0.0106502
4442.4 0.0102825
4443.16 0.00991475
4443.92 0.00954663
4444.68 0.00917843
4445.44 0.00881013
4446.2 0.00844173
4446.97 0.00807301
4447.73 0.00770419
4448.49 0.00733528
4449.25 0.00696628
4450.01 0.00659694
4450.77 0.00622751
4451.53 0.00592263
4452.29 0.0057273
4453.05 0.00553191
4453.82 0.00533647
4454.58 0.00514098
4455.34 0.00494531
4456.1 0.0047496
4456.86 0.00455384
4457.63 0.00435802
4458.39 0.00416203
4459.15 0.003966
4459.92 0.00376991
4460.68 0.00357364
4461.44 0.00339941
4462.2 0.00329172
4462.97 0.003184
4463.73 0.00307618
4464.49 0.00296834
4465.26 0.00286047
4466.02 0.00275258
4466.79 0.00264458
4467.55 0.00253656
4468.31 0.00242852
4469.08 0.00232044
4469.84 0.00221227
4470.61 0.00210407
4471.37 0.00200331
4472.14 0.00194337
4472.9 0.00188345
4473.67 0.00182348
4474.43 0.00176345
4475.2 0.00170345
4475.96 0.00164339
4476.73 0.00158332
4477.5 0.00152323
4478.26 0.00146309
4479.03 0.00140293
4479.79 0.00134276
4480.56 0.00128257
4481.33 0.00122468
4482.09 0.00119054
4482.86 0.00115639
4483.63 0.00112221
4484.39 0.00108802
4485.16 0.00105382
4485.93 0.00101961
4486.69 0.0009854
4487.46 0.000951154
4488.23 0.000916878
4489.0 0.000882615
4489.77 0.000848343
4490.53 0.00081404
4491.3 0.000780477
4492.07 0.000760084
4492.84 0.000739672
4493.61 0.000719254
4494.38 0.000698832
4495.15 0.000678391
4495.91 0.000657946
4496.68 0.000637508
4497.45 0.000617038
4498.22 0.000596564
4498.99 0.000576084
4499.76 0.0005556
4500.53 0.00053508
4501.3 0.00051486
4502.07 0.000500923
4502.84 0.000486984
4503.61 0.000473044
4504.38 0.000459094
4505.15 0.000445143
4505.92 0.000431181
4506.69 0.000417227
4507.46 0.000403263
4508.23 0.000389297
4509.01 0.000375331
4509.78 0.000361353
4510.55 0.000347375
4511.32 0.000333862
4512.09 0.000326409
4512.86 0.000318955
4513.64 0.000311501
4514.41 0.000304046
4515.18 0.00029659
4515.95 0.000289128
4516.73 0.000281666
4517.5 0.000274203
4518.27 0.000266735
4519.04 0.000259266
4519.82 0.000251797
4520.59 0.000244321
4521.36 0.000237045
4522.14 0.00023115
4522.91 0.000225251
4523.68 0.000219355
4524.46 0.000213455
4525.23 0.000207554
4526.01 0.000201649
4526.78 0.000195747
4527.55 0.00018984
4528.33 0.000183934
4529.1 0.000178022
4529.88 0.000172114
4530.65 0.000166202
4531.43 0.000160743
4532.2 0.000157061
4532.98 0.00015338
4533.75 0.000149698
4534.53 0.000146016
4535.31 0.000142331
4536.08 0.000138646
4536.86 0.00013496
4537.63 0.000131274
4538.41 0.000127586
4539.19 0.000123897
4539.96 0.000120207
4540.74 0.000116515
4541.52 0.000113224
4542.29 0.000110816
4543.07 0.000108406
4543.85 0.000105996
4544.62 0.000103585
4545.4 0.000101174
4546.18 9.87609e-05
4546.96 9.63476e-05
4547.73 9.3934e-05
4548.51 9.15202e-05
4549.29 8.91062e-05
4550.07 8.66904e-05
4550.85 8.42744e-05
4551.63 8.21677e-05
4552.4 8.04429e-05
4553.18 7.87168e-05
4553.96 7.69905e-05
4554.74 7.52641e-05
4555.52 7.35364e-05
4556.3 7.18086e-05
4557.08 7.00806e-05
4557.86 6.83513e-05
4558.64 6.66219e-05
4559.42 6.48923e-05
4560.2 6.31626e-05
4560.98 6.14316e-05
4561.76 6.02101e-05
4562.54 5.93067e-05
4563.32 5.84038e-05
4564.1 5.75003e-05
4564.88 5.65967e-05
4565.66 5.5693e-05
4566.44 5.47886e-05
4567.22 5.38847e-05
4568.0 5.29802e-05
4568.79 5.2075e-05
4569.57 5.11703e-05
4570.35 5.02649e-05
4571.13 4.93595e-05
4571.91 4.80006e-05
4572.69 4.65348e-05
4573.48 4.5067e-05
4574.26 4.36009e-05
4575.04 4.21328e-05
4575.82 4.06646e-05
4576.61 3.91962e-05
4577.39 3.77277e-05
4578.17 3.62581e-05
4578.96 3.47884e-05
4579.74 3.33186e-05
4580.52 3.18476e-05
4581.31 3.04203e-05
4582.09 3.04411e-05
4582.87 3.0462e-05
4583.66 3.04828e-05
4584.44 3.05037e-05
4585.23 3.05246e-05
4586.01 3.05455e-05
4586.79 3.05663e-05
4587.58 3.05872e-05
4588.36 3.06081e-05
4589.15 3.0629e-05
4589.93 3.06499e-05
4590.72 3.06708e-05
4591.5 3.04775e-05
4592.29 2.9727e-05
4593.08 2.89765e-05
4593.86 2.82258e-05
4594.65 2.74747e-05
4595.43 2.67239e-05
4596.22 2.59726e-05
4597.01 2.52213e-05
4597.79 2.44694e-05
4598.58 2.37178e-05
4599.36 2.29658e-05
4600.15 2.22132e-05
4600.94 2.14605e-05
4601.73 2.09279e-05
4602.51 2.05708e-05
4603.3 2.02135e-05
4604.09 1.98561e-05
4604.88 1.94987e-05
4605.66 1.91413e-05
4606.45 1.87838e-05
4607.24 1.84261e-05
4608.03 1.80683e-05
4608.82 1.77103e-05
4609.6 1.73524e-05
4610.39 1.69943e-05
4611.18 1.66362e-05
4611.97 1.63541e-05
4612.76 1.60846e-05
4613.55 1.58149e-05
4614.34 1.55451e-05
4615.13 1.52753e-05
4615.92 1.50054e-05
4616.71 1.47354e-05
4617.5 1.44653e-05
4618.28 1.41953e-05
4619.07 1.39251e-05
4619.86 1.36548e-05
4620.66 1.33844e-05
4621.45 1.31265e-05
4622.24 1.29217e-05
4623.03 1.27167e-05
4623.82 1.25117e-05
4624.61 1.23066e-05
4625.4 1.21015e-05
4626.19 1.18964e-05
4626.98 1.16911e-05
4627.77 1.14859e-05
4628.57 1.12806e-05
4629.36 1.10751e-05
4630.15 1.08696e-05
4630.94 1.06639e-05
4631.73 1.04834e-05
4632.53 1.03232e-05
4633.32 1.01631e-05
4634.11 1.00029e-05
4634.9 9.84269e-06
4635.7 9.68239e-06
4636.49 9.52207e-06
4637.28 9.36165e-06
4638.08 9.20132e-06
4638.87 9.04088e-06
4639.66 8.88042e-06
4640.46 8.71986e-06
4641.25 8.55929e-06
4642.04 8.43691e-06
4642.84 8.31687e-06
4643.63 8.1969e-06
4644.43 8.07685e-06
4645.22 7.95679e-06
4646.02 7.83672e-06
4646.81 7.71657e-06
4647.61 7.59641e-06
4648.4 7.47617e-06
4649.2 7.356e-06
4649.99 7.23575e-06
4650.79 7.11549e-06
4651.58 7.00093e-06
4652.38 6.89687e-06
4653.17 6.79274e-06
4653.97 6.68853e-06
4654.77 6.58439e-06
4655.56 6.48017e-06
4656.36 6.37595e-06
4657.15 6.27172e-06
4657.95 6.16742e-06
4658.75 6.06311e-06
4659.54 5.95886e-06
4660.34 5.85448e-06
4661.14 5.75009e-06
4661.94 5.67279e-06
4662.73 5.60255e-06
4663.53 5.5323e-06
4664.33 5.46201e-06
4665.13 5.39171e-06
4665.93 5.32137e-06
4666.72 5.25107e-06
4667.52 5.18071e-06
4668.32 5.11036e-06
4669.12 5.03995e-06
4669.92 4.96954e-06
4670.72 4.89913e-06
4671.52 4.83143e-06
4672.31 4.7714e-06
4673.11 4.71137e-06
4673.91 4.65137e-06
4674.71 4.59129e-06
4675.51 4.53121e-06
4676.31 4.47112e-06
4677.11 4.41103e-06
4677.91 4.35094e-06
4678.71 4.2908e-06
4679.51 4.23063e-06
4680.31 4.17049e-06
4681.11 4.11031e-06
4681.92 4.05415e-06
4682.72 3.99929e-06
4683.52 3.94443e-06
4684.32 3.88953e-06
4685.12 3.83462e-06
4685.92 3.77968e-06
4686.72 3.72477e-06
4687.52 3.66983e-06
4688.33 3.61484e-06
4689.13 3.55989e-06
4689.93 3.5049e-06
4690.73 3.44994e-06
4691.53 3.39934e-06
4692.34 3.36036e-06
4693.14 3.32135e-06
4693.94 3.28232e-06
4694.75 3.2433e-06
4695.55 3.20426e-06
4696.35 3.16522e-06
4697.16 3.12615e-06
4697.96 3.08713e-06
4698.76 3.04806e-06
4699.57 3.00896e-06
4700.37 2.96988e-06
4701.17 2.93077e-06
4701.98 2.89675e-06
4702.78 2.86381e-06
4703.59 2.83085e-06
4704.39 2.79788e-06
4705.2 2.76494e-06
4706.0 2.73195e-06
4706.81 2.69898e-06
4707.61 2.66596e-06
4708.42 2.63297e-06
4709.22 2.59995e-06
4710.03 2.56695e-06
4710.83 2.53391e-06
4711.64 2.50424e-06
4712.45 2.47962e-06
4713.25 2.45499e-06
4714.06 2.43035e-06
4714.86 2.4057e-06
4715.67 2.38105e-06
4716.48 2.35639e-06
4717.28 2.33174e-06
4718.09 2.30706e-06
4718.9 2.28239e-06
4719.71 2.25773e-06
4720.51 2.23303e-06
4721.32 2.20834e-06
4722.13 2.18513e-06
4722.94 2.1619e-06
5300.05 2.16132e-06
5300.96 2.1825e-06
5301.86 2.21e-06
5302.77 2.24587e-06
5303.68 2.28175e-06
5304.59 2.31762e-06
5305.49 2.3535e-06
5306.4 2.38939e-06
5307.31 2.42528e-06
5308.22 2.46117e-06
5309.12 2.49708e-06
5310.03 2.53298e-06
5310.94 2.56889e-06
5311.85 2.60613e-06
5312.76 2.64527e-06
5313.67 2.68441e-06
5314.58 2.72357e-06
5315.49 2.76272e-06
5316.39 2.80186e-06
5317.3 2.84103e-06
5318.21 2.88021e-06
5319.12 2.91938e-06
5320.03 2.95857e-06
5320.94 2.99777e-06
5321.85 3.04082e-06
5322.76 3.0894e-06
5323.67 3.13801e-06
5324.58 3.18658e-06
5325.5 3.23521e-06
5326.41 3.28384e-06
5327.32 3.33247e-06
5328.23 3.3811e-06
5329.14 3.42975e-06
5330.05 3.4784e-06
5330.96 3.52707e-06
5331.88 3.58098e-06
5332.79 3.64182e-06
5333.7 3.70273e-06
5334.61 3.7636e-06
5335.53 3.8245e-06
5336.44 3.88544e-06
5337.35 3.94634e-06
5338.26 4.00727e-06
5339.18 4.06823e-06
5340.09 4.12915e-06
5341.0 4.19008e-06
5341.92 4.24527e-06
5342.83 4.29407e-06
5343.75 4.34287e-06
5344.66 4.39166e-06
5345.57 4.44048e-06
5346.49 4.4893e-06
5347.4 4.53811e-06
5348.32 4.58693e-06
5349.23 4.63574e-06
5350.15 4.68458e-06
5351.06 4.73344e-06
5351.98 4.77519e-06
5352.89 4.81081e-06
5353.81 4.84645e-06
5354.73 4.88208e-06
5355.64 4.91772e-06
5356.56 4.95336e-06
5357.47 4.989e-06
5358.39 5.02465e-06
5359.31 5.0603e-06
5360.22 5.09597e-06
5361.14 5.13164e-06
5362.06 5.15139e-06
5362.98 5.16132e-06
5363.89 5.17126e-06
5364.81 5.18119e-06
5365.73 5.19111e-06
5366.65 5.20105e-06
5367.56 5.21099e-06
5368.48 5.22093e-06
5369.4 5.23087e-06
5370.32 5.24081e-06
5371.24 5.25075e-06
5372.16 5.23261e-06
5373.08 5.20363e-06
5373.99 5.17467e-06
5374.91 5.14568e-06
5375.83 5.11669e-06
5376.75 5.08768e-06
5377.67 5.05869e-06
5378.59 5.02968e-06
5379.51 5.00068e-06
5380.43 4.97166e-06
5381.35 4.94265e-06
5382.27 4.90535e-06
5383.19 4.86647e-06
5384.11 4.82761e-06
5385.04 4.78874e-06
5385.96 4.74985e-06
5386.88 4.71097e-06
5387.8 4.67208e-06
5388.72 4.63318e-06
5389.64 4.59427e-06
5390.56 4.55539e-06
5391.49 4.51647e-06
5392.41 4.44988e-06
5393.33 4.38294e-06
5394.25 4.31597e-06
5395.18 4.24905e-06
5396.1 4.18205e-06
5397.02 4.11509e-06
5397.95 4.04809e-06
5398.87 3.98113e-06
5399.79 3.91411e-06
5400.72 3.84708e-06
5401.64 3.78016e-06
5402.56 3.71383e-06
5403.49 3.64747e-06
5404.41 3.5811e-06
5405.34 3.51471e-06
5406.26 3.44832e-06
5407.19 3.38196e-06
5408.11 3.31557e-06
5409.04 3.24915e-06
5409.96 3.18273e-06
5410.89 3.11631e-06
5411.81 3.05406e-06
5412.74 3.00014e-06
5413.67 2.9462e-06
5414.59 2.89229e-06
5415.52 2.83839e-06
5416.44 2.78442e-06
5417.37 2.73049e-06
5418.3 2.67653e-06
5419.22 2.62254e-06
5420.15 2.56859e-06
5421.08 2.5146e-06
5422.01 2.46365e-06
5422.93 2.41534e-06
5423.86 2.36703e-06
5424.79 2.3187e-06
5425.72 2.27034e-06
5426.65 2.22199e-06
5427.57 2.17363e-06
5610.7 2.15186e-06
5611.66 2.21348e-06
5612.62 2.3146e-06
5613.58 2.41576e-06
5614.54 2.51687e-06
5615.5 2.61803e-06
5616.46 2.71924e-06
5617.42 2.82044e-06
5618.38 2.92163e-06
5619.34 3.02282e-06
5620.3 3.12401e-06
5621.27 3.22524e-06
5622.23 3.35757e-06
5623.19 3.50368e-06
5624.15 3.64979e-06
5625.11 3.79597e-06
5626.08 3.94214e-06
5627.04 4.0883e-06
5628.0 4.23446e-06
5628.96 4.38061e-06
5629.93 4.52683e-06
5630.89 4.67293e-06
5631.85 4.83049e-06
5632.82 5.01464e-06
5633.78 5.19886e-06
5634.74 5.38307e-06
5635.71 5.56725e-06
5636.67 5.75142e-06
5637.63 5.93558e-06
5638.6 6.1198e-06
5639.56 6.30411e-06
5640.53 6.4884e-06
5641.49 6.67266e-06
5642.46 6.82771e-06
5643.42 6.98047e-06
5644.39 7.13329e-06
5645.35 7.28602e-06
5646.32 7.43873e-06
5647.29 7.59151e-06
5648.25 7.74435e-06
5649.22 7.89718e-06
5650.19 8.04999e-06
5651.15 8.20278e-06
5652.12 8.32254e-06
5653.09 8.41729e-06
5654.05 8.51198e-06
5655.02 8.60666e-06
5655.99 8.70138e-06
5656.95 8.79613e-06
5657.92 8.89088e-06
5658.89 8.98562e-06
5659.86 9.0804e-06
5660.83 9.17517e-06
5661.79 9.24444e-06
5662.76 9.22884e-06
5663.73 9.21324e-06
5664.7 9.19765e-06
5665.67 9.18205e-06
5666.64 9.16645e-06
5667.61 9.15084e-06
5668.58 9.13524e-06
5669.55 9.11964e-06
5670.52 9.10403e-06
5671.49 9.08841e-06
5672.46 8.98722e-06
5673.43 8.87772e-06
5674.4 8.76812e-06
5675.37 8.65853e-06
5676.34 8.54895e-06
5677.31 8.43933e-06
5678.28 8.32971e-06
5679.25 8.22011e-06
5680.22 8.11047e-06
5681.2 8.00083e-06
5682.17 7.85517e-06
5683.14 7.68639e-06
5684.11 7.51745e-06
5685.08 7.34862e-06
5686.06 7.17972e-06
5687.03 7.01084e-06
5688.0 6.84198e-06
5688.98 6.67304e-06
5689.95 6.50404e-06
5690.92 6.33522e-06
5691.9 6.1672e-06
5692.87 6.00117e-06
5693.84 5.83515e-06
5694.82 5.66906e-06
5695.79 5.50291e-06
5696.77 5.33685e-06
5697.74 5.17073e-06
5698.71 5.00463e-06
5699.69 4.83854e-06
5700.66 4.67239e-06
5701.64 4.50734e-06
5702.62 4.35942e-06
5703.59 4.21159e-06
5704.57 4.06362e-06
5705.54 3.91575e-06
5706.52 3.76781e-06
5707.49 3.61981e-06
5708.47 3.47198e-06
5709.45 3.32402e-06
5710.42 3.17599e-06
5711.4 3.02805e-06
5712.38 2.92022e-06
5713.35 2.82164e-06
5714.33 2.72312e-06
5715.31 2.62456e-06
5716.29 2.52597e-06
5717.26 2.42748e-06
5718.24 2.3289e-06
5719.22 2.23028e-06
