3852.36 2.34923e-06
3853.01 2.46254e-06
3853.67 2.57593e-06
3854.33 2.68943e-06
3854.99 2.80297e-06
3855.65 2.91666e-06
3856.31 3.03044e-06
3856.97 3.14433e-06
3857.63 3.25825e-06
3858.29 3.37233e-06
3858.95 3.48649e-06
3859.61 3.60077e-06
3860.27 3.71512e-06
3860.93 3.82951e-06
3861.59 4.20059e-06
3862.25 4.65537e-06
3862.92 5.11046e-06
3863.58 5.56567e-06
3864.24 6.02153e-06
3864.9 6.4777e-06
3865.56 6.93433e-06
3866.22 7.39127e-06
3866.88 7.84851e-06
3867.54 8.30623e-06
3868.21 8.76442e-06
3868.87 9.22291e-06
3869.53 9.68154e-06
3870.19 1.01408e-05
3870.85 1.06006e-05
3871.52 1.11237e-05
3872.18 1.1684e-05
3872.84 1.22447e-05
3873.5 1.28059e-05
3874.17 1.33677e-05
3874.83 1.39299e-05
3875.49 1.44924e-05
3876.15 1.50556e-05
3876.82 1.56193e-05
3877.48 1.61834e-05
3878.14 1.67478e-05
3878.81 1.73127e-05
3879.47 1.78783e-05
3880.14 1.84443e-05
3880.8 1.90106e-05
3881.46 2.00892e-05
3882.13 2.15918e-05
3882.79 2.30949e-05
3883.46 2.46001e-05
3884.12 2.61058e-05
3884.79 2.7613e-05
3885.45 2.91212e-05
3886.11 3.06315e-05
3886.78 3.21422e-05
3887.44 3.3654e-05
3888.11 3.51678e-05
3888.77 3.66827e-05
3889.44 3.81985e-05
3890.11 3.97159e-05
3890.77 4.12343e-05
3891.44 4.32931e-05
3892.1 4.58863e-05
3892.77 4.84822e-05
3893.43 5.10788e-05
3894.1 5.36791e-05
3894.77 5.62811e-05
3895.43 5.88857e-05
3896.1 6.1492e-05
3896.77 6.41001e-05
3897.43 6.67108e-05
3898.1 6.93233e-05
3898.77 7.19384e-05
3899.43 7.45552e-05
3900.1 7.71747e-05
3900.77 7.97959e-05
3901.44 8.44029e-05
3902.1 9.1029e-05
3902.77 9.76595e-05
3903.44 0.000104297
3904.11 0.000110941
3904.77 0.000117589
3905.44 0.000124242
3906.11 0.000130901
3906.78 0.000137568
3907.45 0.000144238
3908.12 0.000150914
3908.78 0.000157595
3909.45 0.000164282
3910.12 0.000170975
3910.79 0.000177672
3911.46 0.000188629
3912.13 0.000203399
3912.8 0.000218183
3913.47 0.000232977
3914.14 0.000247786
3914.81 0.0002626
3915.48 0.000277434
3916.15 0.000292277
3916.82 0.000307136
3917.49 0.000322004
3918.16 0.000336877
3918.83 0.000351776
3919.5 0.000366678
3920.17 0.000381596
3920.84 0.000396524
3921.51 0.000422803
3922.18 0.000456725
3922.85 0.000490682
3923.52 0.000524662
3924.2 0.000558663
3924.87 0.000592699
3925.54 0.000626769
3926.21 0.000660862
3926.88 0.000694977
3927.55 0.000729126
3928.23 0.00076331
3928.9 0.000797516
3929.57 0.000831757
3930.24 0.000866007
3930.91 0.000900292
3931.59 0.000964465
3932.26 0.00104117
3932.93 0.00111789
3933.61 0.00119469
3934.28 0.00127157
3934.95 0.0013485
3935.63 0.0014255
3936.3 0.00150256
3936.97 0.00157969
3937.65 0.00165688
3938.32 0.00173411
3938.99 0.00181142
3939.67 0.00188878
3940.34 0.00196625
3941.02 0.00204374
3941.69 0.00219608
3942.36 0.00236155
3943.04 0.0025272
3943.71 0.00269295
3944.39 0.00285886
3945.06 0.00302489
3945.74 0.00319108
3946.41 0.00335738
3947.09 0.00352384
3947.76 0.00369041
3948.44 0.00385709
3949.11 0.004024
3949.79 0.00419096
3950.47 0.00435814
3951.14 0.00453118
3951.82 0.00486638
3952.49 0.00520167
3953.17 0.0055373
3953.85 0.00587326
3954.52 0.00620933
3955.2 0.00654584
3955.88 0.00688258
3956.55 0.00721953
3957.23 0.0075567
3957.91 0.00789433
3958.58 0.00823205
3959.26 0.00857024
3959.94 0.00890863
3960.62 0.00924712
3961.29 0.00965735
3961.97 0.0102749
3962.65 0.0108931
3963.33 0.0115115
3964.01 0.0121307
3964.68 0.0127504
3965.36 0.0133706
3966.04 0.0139912
3966.72 0.0146123
3967.4 0.0152339
3968.08 0.015856
3968.76 0.0164786
3969.43 0.0171017
3970.11 0.0177254
3970.79 0.0183497
3971.47 0.0191592
3972.15 0.0201448
3972.83 0.0211306
3973.51 0.0221175
3974.19 0.0231053
3974.87 0.0240937
3975.55 0.0250828
3976.23 0.0260732
3976.91 0.0270639
3977.59 0.0280559
3978.27 0.0290482
3978.95 0.0300415
3979.63 0.0310354
3980.32 0.0320303
3981.0 0.0330261
3981.68 0.034233
3982.36 0.0354901
3983.04 0.0367484
3983.72 0.0380075
3984.4 0.0392678
3985.08 0.0405289
3985.77 0.0417913
3986.45 0.0430545
3987.13 0.0443189
3987.81 0.0455846
3988.5 0.0468506
3989.18 0.0481178
3989.86 0.0493863
3990.54 0.0506556
3991.23 0.0519396
3991.91 0.0533089
3992.59 0.0546797
3993.27 0.0560512
3993.96 0.0574242
3994.64 0.0587975
3995.32 0.0601726
3996.01 0.0615486
3996.69 0.0629259
3997.38 0.0643037
3998.06 0.0656827
3998.74 0.0670631
3999.43 0.0684449
4000.11 0.0698248
4000.8 0.0711909
4001.48 0.0725437
4002.17 0.0738833
4002.85 0.0752236
4003.53 0.0765636
4004.22 0.0779047
4004.91 0.0792465
4005.59 0.0805885
4006.28 0.0819307
4006.96 0.0832732
4007.65 0.0846162
4008.33 0.08596
4009.02 0.087304
4009.7 0.0886481
4010.39 0.0899929
4011.08 0.0913383
4011.76 0.0924954
4012.45 0.0936359
4013.14 0.0947762
4013.82 0.0959175
4014.51 0.0970589
4015.2 0.0982005
4015.88 0.0993423
4016.57 0.100485
4017.26 0.101628
4017.94 0.102771
4018.63 0.103915
4019.32 0.105059
4020.01 0.106203
4020.69 0.107347
4021.38 0.108405
4022.07 0.109306
4022.76 0.110208
4023.45 0.11111
4024.14 0.112012
4024.82 0.112914
4025.51 0.113817
4026.2 0.11472
4026.89 0.115623
4027.58 0.116526
4028.27 0.11743
4028.96 0.118335
4029.65 0.119239
4030.34 0.120146
4031.03 0.121056
4031.72 0.121782
4032.41 0.122472
4033.1 0.123163
4033.79 0.123854
4034.48 0.124545
4035.17 0.125236
4035.86 0.125928
4036.55 0.12662
4037.24 0.127312
4037.93 0.128004
4038.62 0.128697
4039.31 0.12939
4040.0 0.130083
4040.69 0.130776
4041.38 0.131408
4042.08 0.131924
4042.77 0.132441
4043.46 0.132957
4044.15 0.133474
4044.84 0.133991
4045.53 0.134508
4046.23 0.135026
4046.92 0.135543
4047.61 0.136061
4048.3 0.136579
4049.0 0.137097
4049.69 0.137616
4050.38 0.138134
4051.07 0.138653
4051.77 0.139044
4052.46 0.13942
4053.15 0.139797
4053.85 0.140174
4054.54 0.140551
4055.24 0.140929
4055.93 0.141306
4056.62 0.141683
4057.32 0.142061
4058.01 0.142439
4058.71 0.142817
4059.4 0.143195
4060.09 0.143573
4060.79 0.143952
4061.48 0.144288
4062.18 0.144581
4062.87 0.144874
4063.57 0.145166
4064.26 0.145459
4064.96 0.145752
4065.66 0.146046
4066.35 0.146339
4067.05 0.146632
4067.74 0.146926
4068.44 0.147219
4069.13 0.147513
4069.83 0.147807
4070.53 0.1481
4071.22 0.148388
4071.92 0.148622
4072.62 0.148856
4073.31 0.14909
4074.01 0.149325
4074.71 0.149559
4075.4 0.149793
4076.1 0.150028
4076.8 0.150263
4077.5 0.150497
4078.19 0.150732
4078.89 0.150967
4079.59 0.151202
4080.29 0.151437
4080.99 0.151672
4081.68 0.151867
4082.38 0.152049
4083.08 0.152231
4083.78 0.152414
4084.48 0.152596
4085.18 0.152779
4085.88 0.152961
4086.58 0.153144
4087.27 0.153327
4087.97 0.153509
4088.67 0.153692
4089.37 0.153875
4090.07 0.154058
4090.77 0.154241
4091.47 0.154418
4092.17 0.154589
4092.87 0.154759
4093.57 0.154929
4094.27 0.1551
4094.97 0.15527
4095.67 0.155441
4096.38 0.155611
4097.08 0.155782
4097.78 0.155953
4098.48 0.156124
4099.18 0.156295
4099.88 0.156466
4100.58 0.156637
4101.28 0.1568
4101.99 0.156928
4102.69 0.157057
4103.39 0.157185
4104.09 0.157314
4104.79 0.157442
4105.5 0.157571
4106.2 0.1577
4106.9 0.157828
4107.6 0.157957
4108.31 0.158086
4109.01 0.158215
4109.71 0.158344
4110.42 0.158473
4111.12 0.158601
4111.82 0.158719
4112.53 0.158837
4113.23 0.158954
4113.93 0.159072
4114.64 0.15919
4115.34 0.159307
4116.04 0.159425
4116.75 0.159542
4117.45 0.15966
4118.16 0.159778
4118.86 0.159896
4119.57 0.160014
4120.27 0.160132
4120.98 0.160249
4121.68 0.160377
4122.39 0.160508
4123.09 0.160638
4123.8 0.160769
4124.5 0.1609
4125.21 0.161031
4125.92 0.161162
4126.62 0.161293
4127.33 0.161424
4128.03 0.161555
4128.74 0.161687
4129.45 0.161818
4130.15 0.161949
4130.86 0.16208
4131.57 0.162202
4132.27 0.162317
4132.98 0.162431
4133.69 0.162546
4134.39 0.162661
4135.1 0.162775
4135.81 0.16289
4136.52 0.163005
4137.22 0.16312
4137.93 0.163235
4138.64 0.163349
4139.35 0.163464
4140.06 0.163579
4140.76 0.163694
4141.47 0.163822
4142.18 0.163966
4142.89 0.16411
4143.6 0.164255
4144.31 0.164399
4145.02 0.164543
4145.73 0.164688
4146.44 0.164832
4147.15 0.164977
4147.85 0.165121
4148.56 0.165266
4149.27 0.165411
4149.98 0.165556
4150.69 0.1657
4151.4 0.165847
4152.11 0.165996
4152.83 0.166146
4153.54 0.166295
4154.25 0.166445
4154.96 0.166595
4155.67 0.166745
4156.38 0.166895
4157.09 0.167045
4157.8 0.167195
4158.51 0.167345
4159.22 0.167495
4159.94 0.167645
4160.65 0.167795
4161.36 0.16795
4162.07 0.168118
4162.78 0.168285
4163.5 0.168453
4164.21 0.168621
4164.92 0.168789
4165.63 0.168957
4166.35 0.169125
4167.06 0.169294
4167.77 0.169462
4168.48 0.16963
4169.2 0.169799
4169.91 0.169967
4170.62 0.170135
4171.34 0.170308
4172.05 0.170497
4172.77 0.170686
4173.48 0.170875
4174.19 0.171064
4174.91 0.171253
4175.62 0.171442
4176.34 0.171631
4177.05 0.17182
4177.77 0.172009
4178.48 0.172198
4179.2 0.172388
4179.91 0.172577
4180.63 0.172767
4181.34 0.172953
4182.06 0.173129
4182.77 0.173306
4183.49 0.173482
4184.2 0.173658
4184.92 0.173835
4185.64 0.174011
4186.35 0.174188
4187.07 0.174365
4187.78 0.174541
4188.5 0.174718
4189.22 0.174895
4189.93 0.175072
4190.65 0.175249
4191.37 0.175425
4192.08 0.175599
4192.8 0.175773
4193.52 0.175947
4194.24 0.176121
4194.95 0.176295
4195.67 0.176469
4196.39 0.176644
4197.11 0.176818
4197.83 0.176993
4198.54 0.177167
4199.26 0.177342
4199.98 0.177516
4200.7 0.177691
4201.42 0.17786
4202.14 0.178018
4202.86 0.178176
4203.58 0.178333
4204.29 0.178491
4205.01 0.17865
4205.73 0.178808
4206.45 0.178966
4207.17 0.179124
4207.89 0.179282
4208.61 0.179441
4209.33 0.179599
4210.05 0.179757
4210.77 0.179916
4211.49 0.180063
4212.21 0.180196
4212.94 0.180329
4213.66 0.180461
4214.38 0.180594
4215.1 0.180727
4215.82 0.18086
4216.54 0.180993
4217.26 0.181126
4217.98 0.181259
4218.71 0.181392
4219.43 0.181525
4220.15 0.181658
4220.87 0.181792
4221.59 0.181908
4222.32 0.182011
4223.04 0.182114
4223.76 0.182217
4224.48 0.18232
4225.21 0.182423
4225.93 0.182526
4226.65 0.182629
4227.37 0.182732
4228.1 0.182835
4228.82 0.182939
4229.54 0.183042
4230.27 0.183143
4230.99 0.183241
4231.72 0.183305
4232.44 0.183356
4233.16 0.183406
4233.89 0.183457
4234.61 0.183508
4235.34 0.183558
4236.06 0.183609
4236.79 0.18366
4237.51 0.183711
4238.24 0.183761
4238.96 0.183812
4239.69 0.183863
4240.41 0.183914
4241.14 0.183964
4241.86 0.183989
4242.59 0.184012
4243.32 0.184035
4244.04 0.184057
4244.77 0.18408
4245.49 0.184103
4246.22 0.184125
4246.95 0.184148
4247.67 0.184171
4248.4 0.184193
4249.13 0.184216
4249.85 0.184239
4250.58 0.184262
4251.31 0.18428
4252.04 0.184275
4252.76 0.184269
4253.49 0.184264
4254.22 0.184259
4254.95 0.184253
4255.67 0.184248
4256.4 0.184243
4257.13 0.184238
4257.86 0.184232
4258.59 0.184227
4259.32 0.184222
4260.04 0.184216
4260.77 0.184211
4261.5 0.184203
4262.23 0.184192
4262.96 0.184181
4263.69 0.18417
4264.42 0.184158
4265.15 0.184147
4265.88 0.184136
4266.61 0.184125
4267.34 0.184114
4268.07 0.184103
4268.8 0.184091
4269.53 0.18408
4270.26 0.184069
4270.99 0.184058
4271.72 0.184042
4272.45 0.184025
4273.18 0.184008
4273.92 0.18399
4274.65 0.183973
4275.38 0.183956
4276.11 0.183939
4276.84 0.183921
4277.57 0.183904
4278.3 0.183887
4279.04 0.18387
4279.77 0.183852
4280.5 0.183835
4281.23 0.183819
4281.97 0.183841
4282.7 0.183863
4283.43 0.183885
4284.16 0.183906
4284.9 0.183928
4285.63 0.18395
4286.36 0.183972
4287.1 0.183994
4287.83 0.184015
4288.56 0.184037
4289.3 0.184059
4290.03 0.184081
4290.77 0.184103
4291.5 0.184136
4292.23 0.184187
4292.97 0.184237
4293.7 0.184288
4294.44 0.184338
4295.17 0.184389
4295.91 0.184439
4296.64 0.18449
4297.38 0.184541
4298.11 0.184591
4298.85 0.184642
4299.58 0.184693
4300.32 0.184743
4301.05 0.184794
4301.79 0.184877
4302.53 0.184968
4303.26 0.18506
4304.0 0.185152
4304.74 0.185243
4305.47 0.185335
4306.21 0.185427
4306.95 0.185519
4307.68 0.18561
4308.42 0.185702
4309.16 0.185794
4309.89 0.185886
4310.63 0.185978
4311.37 0.186078
4312.11 0.186207
4312.84 0.186337
4313.58 0.186466
4314.32 0.186596
4315.06 0.186726
4315.8 0.186856
4316.53 0.186985
4317.27 0.187115
4318.01 0.187245
4318.75 0.187375
4319.49 0.187505
4320.23 0.187635
4320.97 0.187765
4321.71 0.187908
4322.45 0.188058
4323.19 0.188207
4323.93 0.188357
4324.67 0.188507
4325.41 0.188657
4326.15 0.188807
4326.89 0.188957
4327.63 0.189107
4328.37 0.189257
4329.11 0.189407
4329.85 0.189557
4330.59 0.189708
4331.33 0.18986
4332.07 0.190028
4332.81 0.190197
4333.55 0.190365
4334.29 0.190533
4335.04 0.190701
4335.78 0.19087
4336.52 0.191038
4337.26 0.191207
4338.0 0.191375
4338.75 0.191544
4339.49 0.191712
4340.23 0.191881
4340.97 0.19205
4341.72 0.192207
4342.46 0.192359
4343.2 0.192512
4343.94 0.192664
4344.69 0.192816
4345.43 0.192969
4346.17 0.193121
4346.92 0.193274
4347.66 0.193426
4348.41 0.193579
4349.15 0.193731
4349.89 0.193884
4350.64 0.194037
4351.38 0.194183
4352.13 0.194305
4352.87 0.194427
4353.62 0.194549
4354.36 0.194671
4355.11 0.194793
4355.85 0.194915
4356.6 0.195037
4357.34 0.195159
4358.09 0.195281
4358.83 0.195404
4359.58 0.195526
4360.33 0.195648
4361.07 0.19577
4361.82 0.195869
4362.56 0.195962
4363.31 0.196054
4364.06 0.196147
4364.8 0.19624
4365.55 0.196332
4366.3 0.196425
4367.04 0.196518
4367.79 0.196611
4368.54 0.196704
4369.29 0.196796
4370.03 0.196889
4370.78 0.196982
4371.53 0.197055
4372.28 0.197097
4373.02 0.19714
4373.77 0.197183
4374.52 0.197225
4375.27 0.197268
4376.02 0.19731
4376.77 0.197353
4377.52 0.197396
4378.27 0.197438
4379.01 0.197481
4379.76 0.197524
4380.51 0.197566
4381.26 0.197608
4382.01 0.197628
4382.76 0.197648
4383.51 0.197668
4384.26 0.197688
4385.01 0.197709
4385.76 0.197729
4386.51 0.197749
4387.26 0.197769
4388.01 0.197789
4388.76 0.197809
4389.52 0.197829
4390.27 0.197849
4391.02 0.19787
4391.77 0.197869
4392.52 0.19786
4393.27 0.197851
4394.02 0.197842
4394.77 0.197833
4395.53 0.197824
4396.28 0.197815
4397.03 0.197806
4397.78 0.197797
4398.54 0.197788
4399.29 0.197779
4400.04 0.19777
4400.79 0.19776
4401.55 0.19775
4402.3 0.197737
4403.05 0.197724
4403.81 0.19771
4404.56 0.197697
4405.31 0.197684
4406.07 0.197671
4406.82 0.197658
4407.58 0.197645
4408.33 0.197632
4409.08 0.197619
4409.84 0.197605
4410.59 0.197592
4411.35 0.197583
4412.1 0.197596
4412.86 0.19761
4413.61 0.197623
4414.37 0.197636
4415.12 0.19765
4415.88 0.197663
4416.63 0.197677
4417.39 0.19769
4418.14 0.197704
4418.9 0.197717
4419.66 0.19773
4420.41 0.197744
4421.17 0.197757
4421.93 0.197792
4422.68 0.197829
4423.44 0.197867
4424.2 0.197904
4424.95 0.197941
4425.71 0.197978
4426.47 0.198015
4427.22 0.198053
4427.98 0.19809
4428.74 0.198127
4429.5 0.198164
4430.25 0.198204
4431.01 0.198247
4431.77 0.198314
4432.53 0.198393
4433.29 0.198472
4434.05 0.19855
4434.8 0.198629
4435.56 0.198707
4436.32 0.198786
4437.08 0.198865
4437.84 0.198944
4438.6 0.199022
4439.36 0.199101
4440.12 0.19918
4440.88 0.199259
4441.64 0.199357
4442.4 0.199474
4443.16 0.199591
4443.92 0.199708
4444.68 0.199825
4445.44 0.199942
4446.2 0.200059
4446.96 0.200176
4447.72 0.200293
4448.48 0.20041
4449.24 0.200528
4450.0 0.200645
4450.77 0.200762
4451.53 0.200892
4452.29 0.201043
4453.05 0.201195
4453.81 0.201346
4454.57 0.201498
4455.34 0.20165
4456.1 0.201801
4456.86 0.201953
4457.62 0.202105
4458.39 0.202257
4459.15 0.202409
4459.91 0.202561
4460.68 0.202713
4461.44 0.202868
4462.2 0.203033
4462.97 0.203199
4463.73 0.203364
4464.49 0.20353
4465.26 0.203696
4466.02 0.203861
4466.79 0.204027
4467.55 0.204193
4468.31 0.204359
4469.08 0.204525
4469.84 0.204691
4470.61 0.204857
4471.37 0.205025
4472.14 0.205204
4472.9 0.205383
4473.67 0.205562
4474.43 0.205741
4475.2 0.20592
4475.96 0.2061
4476.73 0.206279
4477.5 0.206459
4478.26 0.206638
4479.03 0.206818
4479.79 0.206997
4480.56 0.207177
4481.33 0.207356
4482.09 0.207526
4482.86 0.207696
4483.63 0.207866
4484.4 0.208036
4485.16 0.208206
4485.93 0.208376
4486.7 0.208546
4487.47 0.208717
4488.23 0.208887
4489.0 0.209057
4489.77 0.209228
4490.54 0.209399
4491.31 0.209567
4492.07 0.209712
4492.84 0.209856
4493.61 0.21
4494.38 0.210144
4495.15 0.210288
4495.92 0.210432
4496.69 0.210577
4497.46 0.210721
4498.23 0.210866
4499.0 0.21101
4499.77 0.211155
4500.54 0.211292
4501.31 0.211426
4502.08 0.211542
4502.85 0.211657
4503.62 0.211773
4504.39 0.211889
4505.16 0.212005
4505.93 0.21212
4506.7 0.212236
4507.47 0.212352
4508.24 0.212468
4509.01 0.212584
4509.78 0.2127
4510.56 0.212816
4511.33 0.212928
4512.1 0.212996
4512.87 0.213065
4513.64 0.213133
4514.42 0.213201
4515.19 0.21327
4515.96 0.213338
4516.73 0.213406
4517.51 0.213475
4518.28 0.213543
4519.05 0.213612
4519.83 0.21368
4520.6 0.213749
4521.37 0.213816
4522.15 0.213873
4522.92 0.213931
4523.69 0.213988
4524.47 0.214046
4525.24 0.214103
4526.02 0.214161
4526.79 0.214219
4527.56 0.214276
4528.34 0.214334
4529.11 0.214392
4529.89 0.214449
4530.66 0.214507
4531.44 0.214562
4532.21 0.214605
4532.99 0.214648
4533.77 0.214691
4534.54 0.214734
4535.32 0.214777
4536.09 0.21482
4536.87 0.214863
4537.65 0.214906
4538.42 0.214949
4539.2 0.214992
4539.98 0.215035
4540.75 0.215078
4541.53 0.215116
4542.31 0.215145
4543.08 0.215174
4543.86 0.215202
4544.64 0.215231
4545.42 0.21526
4546.19 0.215288
4546.97 0.215317
4547.75 0.215346
4548.53 0.215374
4549.3 0.215403
4550.08 0.215432
4550.86 0.21546
4551.64 0.215495
4552.42 0.215536
4553.2 0.215577
4553.98 0.215618
4554.76 0.215659
4555.54 0.2157
4556.31 0.215741
4557.09 0.215783
4557.87 0.215824
4558.65 0.215865
4559.43 0.215906
4560.21 0.215947
4560.99 0.215988
4561.77 0.216019
4562.56 0.216044
4563.34 0.216069
4564.12 0.216094
4564.9 0.216118
4565.68 0.216143
4566.46 0.216168
4567.24 0.216193
4568.02 0.216218
4568.8 0.216242
4569.59 0.216267
4570.37 0.216292
4571.15 0.216317
4571.93 0.216341
4572.71 0.216365
4573.5 0.216388
4574.28 0.216412
4575.06 0.216436
4575.84 0.216459
4576.63 0.216483
4577.41 0.216507
4578.19 0.216531
4578.98 0.216554
4579.76 0.216578
4580.54 0.216602
4581.33 0.216626
4582.11 0.216647
4582.9 0.216669
4583.68 0.216691
4584.46 0.216713
4585.25 0.216734
4586.03 0.216756
4586.82 0.216778
4587.6 0.216799
4588.39 0.216821
4589.17 0.216843
4589.96 0.216865
4590.74 0.216887
4591.53 0.216902
4592.31 0.216904
4593.1 0.216906
4593.88 0.216907
4594.67 0.216909
4595.46 0.216911
4596.24 0.216912
4597.03 0.216914
4597.82 0.216916
4598.6 0.216918
4599.39 0.216919
4600.18 0.216921
4600.96 0.216923
4601.75 0.216922
4602.54 0.216921
4603.33 0.21692
4604.11 0.216918
4604.9 0.216917
4605.69 0.216915
4606.48 0.216914
4607.26 0.216913
4608.05 0.216911
4608.84 0.21691
4609.63 0.216908
4610.42 0.216907
4611.21 0.216905
4612.0 0.216866
4612.79 0.216823
4613.57 0.21678
4614.36 0.216737
4615.15 0.216693
4615.94 0.21665
4616.73 0.216607
4617.52 0.216563
4618.31 0.21652
4619.1 0.216477
4619.89 0.216433
4620.68 0.21639
4621.47 0.216345
4622.27 0.216295
4623.06 0.216245
4623.85 0.216195
4624.64 0.216145
4625.43 0.216094
4626.22 0.216044
4627.01 0.215994
4627.8 0.215944
4628.6 0.215894
4629.39 0.215844
4630.18 0.215793
4630.97 0.215739
4631.76 0.215674
4632.56 0.215603
4633.35 0.215531
4634.14 0.215459
4634.94 0.215388
4635.73 0.215316
4636.52 0.215245
4637.31 0.215173
4638.11 0.215101
4638.9 0.215029
4639.7 0.214958
4640.49 0.214886
4641.28 0.214814
4642.08 0.214742
4642.87 0.214671
4643.67 0.214599
4644.46 0.214527
4645.25 0.214455
4646.05 0.214383
4646.84 0.214311
4647.64 0.21424
4648.43 0.214168
4649.23 0.214096
4650.03 0.214024
4650.82 0.213952
4651.62 0.21388
4652.41 0.213808
4653.21 0.213736
4654.0 0.213664
4654.8 0.213592
4655.6 0.213521
4656.39 0.213449
4657.19 0.213377
4657.99 0.213305
4658.78 0.213233
4659.58 0.213161
4660.38 0.213089
4661.18 0.213017
4661.97 0.21296
4662.77 0.212906
4663.57 0.212852
4664.37 0.212799
4665.17 0.212745
4665.96 0.212691
4666.76 0.212637
4667.56 0.212583
4668.36 0.212529
4669.16 0.212475
4669.96 0.212421
4670.75 0.212367
4671.55 0.212323
4672.35 0.2123
4673.15 0.212277
4673.95 0.212255
4674.75 0.212232
4675.55 0.212209
4676.35 0.212186
4677.15 0.212164
4677.95 0.212141
4678.75 0.212118
4679.55 0.212095
4680.35 0.212072
4681.15 0.21205
4681.96 0.212042
4682.76 0.212037
4683.56 0.212033
4684.36 0.212028
4685.16 0.212024
4685.96 0.212019
4686.76 0.212015
4687.57 0.21201
4688.37 0.212006
4689.17 0.212001
4689.97 0.211997
4690.77 0.211992
4691.58 0.212004
4692.38 0.21205
4693.18 0.212096
4693.99 0.212141
4694.79 0.212187
4695.59 0.212233
4696.4 0.212279
4697.2 0.212325
4698.0 0.212371
4698.81 0.212416
4699.61 0.212462
4700.41 0.212508
4701.22 0.212554
4702.02 0.212627
4702.83 0.212703
4703.63 0.21278
4704.44 0.212856
4705.24 0.212933
4706.05 0.213009
4706.85 0.213086
4707.66 0.213162
4708.46 0.213239
4709.27 0.213315
4710.07 0.213392
4710.88 0.213468
4711.69 0.213554
4712.49 0.213649
4713.3 0.213745
4714.1 0.21384
4714.91 0.213936
4715.72 0.214031
4716.53 0.214127
4717.33 0.214223
4718.14 0.214318
4718.95 0.214414
4719.75 0.214509
4720.56 0.214605
4721.37 0.214703
4722.18 0.214835
4722.98 0.214967
4723.79 0.2151
4724.6 0.215232
4725.41 0.215364
4726.22 0.215496
4727.03 0.215628
4727.83 0.215761
4728.64 0.215893
4729.45 0.216026
4730.26 0.216158
4731.07 0.21629
4731.88 0.216412
4732.69 0.21653
4733.5 0.216647
4734.31 0.216765
4735.12 0.216882
4735.93 0.217
4736.74 0.217117
4737.55 0.217235
4738.36 0.217352
4739.17 0.21747
4739.98 0.217588
4740.79 0.217705
4741.61 0.217825
4742.42 0.217949
4743.23 0.218073
4744.04 0.218197
4744.85 0.218321
4745.66 0.218445
4746.48 0.218569
4747.29 0.218693
4748.1 0.218817
4748.91 0.218941
4749.72 0.219065
4750.54 0.219189
4751.35 0.219313
4752.16 0.219434
4752.98 0.219554
4753.79 0.219674
4754.6 0.219795
4755.42 0.219915
4756.23 0.220035
4757.04 0.220156
4757.86 0.220276
4758.67 0.220397
4759.49 0.220517
4760.3 0.220638
4761.11 0.220758
4761.93 0.220858
4762.74 0.22095
4763.56 0.221042
4764.37 0.221134
4765.19 0.221226
4766.0 0.221318
4766.82 0.22141
4767.63 0.221502
4768.45 0.221594
4769.27 0.221686
4770.08 0.221778
4770.9 0.221871
4771.71 0.22196
4772.53 0.222047
4773.35 0.222134
4774.16 0.222221
4774.98 0.222308
4775.8 0.222394
4776.62 0.222481
4777.43 0.222568
4778.25 0.222655
4779.07 0.222742
4779.89 0.222829
4780.7 0.222916
4781.52 0.222992
4782.34 0.223033
4783.16 0.223074
4783.98 0.223115
4784.79 0.223156
4785.61 0.223197
4786.43 0.223238
4787.25 0.223278
4788.07 0.223319
4788.89 0.22336
4789.71 0.223401
4790.53 0.223442
4791.35 0.223483
4792.17 0.223537
4792.99 0.22359
4793.81 0.223643
4794.63 0.223697
4795.45 0.22375
4796.27 0.223804
4797.09 0.223857
4797.91 0.223911
4798.73 0.223964
4799.55 0.224018
4800.37 0.224071
4801.19 0.224125
4802.02 0.224161
4802.84 0.224194
4803.66 0.224226
4804.48 0.224259
4805.3 0.224291
4806.12 0.224324
4806.95 0.224356
4807.77 0.224389
4808.59 0.224422
4809.41 0.224454
4810.24 0.224487
4811.06 0.224519
4811.88 0.224546
4812.71 0.224571
4813.53 0.224595
4814.35 0.224619
4815.18 0.224643
4816.0 0.224667
4816.83 0.224692
4817.65 0.224716
4818.47 0.22474
4819.3 0.224764
4820.12 0.224788
4820.95 0.224813
4821.77 0.22485
4822.6 0.224901
4823.42 0.224951
4824.25 0.225001
4825.07 0.225051
4825.9 0.225101
4826.72 0.225152
4827.55 0.225202
4828.38 0.225252
4829.2 0.225302
4830.03 0.225353
4830.85 0.225401
4831.68 0.225442
4832.51 0.225474
4833.33 0.225505
4834.16 0.225536
4834.99 0.225568
4835.82 0.225599
4836.64 0.22563
4837.47 0.225662
4838.3 0.225693
4839.13 0.225724
4839.95 0.225756
4840.78 0.225787
4841.61 0.225826
4842.44 0.225879
4843.27 0.225932
4844.1 0.225986
4844.93 0.226039
4845.75 0.226093
4846.58 0.226146
4847.41 0.2262
4848.24 0.226253
4849.07 0.226307
4849.9 0.22636
4850.73 0.226414
4851.56 0.226468
4852.39 0.226524
4853.22 0.22658
4854.05 0.226636
4854.88 0.226692
4855.71 0.226748
4856.54 0.226804
4857.37 0.226861
4858.21 0.226917
4859.04 0.226973
4859.87 0.227029
4860.7 0.227085
4861.53 0.22714
4862.36 0.22719
4863.19 0.22724
4864.03 0.22729
4864.86 0.227341
4865.69 0.227391
4866.52 0.227441
4867.36 0.227491
4868.19 0.227542
4869.02 0.227592
4869.86 0.227642
4870.69 0.227692
4871.52 0.227739
4872.36 0.227774
4873.19 0.227808
4874.02 0.227843
4874.86 0.227877
4875.69 0.227912
4876.52 0.227946
4877.36 0.227981
4878.19 0.228015
4879.03 0.22805
4879.86 0.228084
4880.7 0.228119
4881.53 0.22815
4882.37 0.228165
4883.2 0.22818
4884.04 0.228195
4884.88 0.22821
4885.71 0.228225
4886.55 0.228241
4887.38 0.228256
4888.22 0.228271
4889.06 0.228286
4889.89 0.228301
4890.73 0.228316
4891.56 0.228326
4892.4 0.22832
4893.24 0.228313
4894.08 0.228307
4894.91 0.2283
4895.75 0.228294
4896.59 0.228287
4897.43 0.228281
4898.26 0.228274
4899.1 0.228268
4899.94 0.228261
4900.78 0.228255
4901.62 0.228237
4902.46 0.228195
4903.3 0.228152
4904.13 0.22811
4904.97 0.228067
4905.81 0.228025
4906.65 0.227982
4907.49 0.227939
4908.33 0.227897
4909.17 0.227854
4910.01 0.227811
4910.85 0.227769
4911.69 0.227718
4912.53 0.227655
4913.37 0.227591
4914.21 0.227527
4915.05 0.227464
4915.89 0.2274
4916.74 0.227336
4917.58 0.227273
4918.42 0.227209
4919.26 0.227145
4920.1 0.227082
4920.94 0.227018
4921.78 0.226939
4922.63 0.226845
4923.47 0.226751
4924.31 0.226656
4925.15 0.226562
4926.0 0.226468
4926.84 0.226373
4927.68 0.226279
4928.53 0.226185
4929.37 0.22609
4930.21 0.225996
4931.06 0.225901
4931.9 0.225798
4932.74 0.22569
4933.59 0.225581
4934.43 0.225473
4935.28 0.225365
4936.12 0.225256
4936.96 0.225148
4937.81 0.225039
4938.65 0.22493
4939.5 0.224822
4940.34 0.224713
4941.19 0.224604
4942.04 0.224486
4942.88 0.224364
4943.73 0.224243
4944.57 0.224121
4945.42 0.224
4946.26 0.223878
4947.11 0.223757
4947.96 0.223635
4948.8 0.223513
4949.65 0.223392
4950.5 0.22327
4951.34 0.223148
4952.19 0.223016
4953.04 0.222883
4953.89 0.222751
4954.73 0.222618
4955.58 0.222485
4956.43 0.222353
4957.28 0.22222
4958.12 0.222087
4958.97 0.221954
4959.82 0.221821
4960.67 0.221688
4961.52 0.22156
4962.37 0.221454
4963.22 0.221349
4964.07 0.221244
4964.92 0.221138
4965.76 0.221033
4966.61 0.220927
4967.46 0.220822
4968.31 0.220716
4969.16 0.220611
4970.01 0.220505
4970.87 0.2204
4971.72 0.220294
4972.57 0.220189
4973.42 0.220084
4974.27 0.219979
4975.12 0.219873
4975.97 0.219768
4976.82 0.219663
4977.67 0.219557
4978.52 0.219452
4979.38 0.219347
4980.23 0.219241
4981.08 0.219136
4981.93 0.219044
4982.78 0.218959
4983.64 0.218875
4984.49 0.21879
4985.34 0.218706
4986.2 0.218621
4987.05 0.218537
4987.9 0.218452
4988.76 0.218368
4989.61 0.218283
4990.46 0.218198
4991.32 0.218114
4992.17 0.218068
4993.02 0.218027
4993.88 0.217985
4994.73 0.217943
4995.59 0.217901
4996.44 0.217859
4997.3 0.217818
4998.15 0.217776
4999.01 0.217734
4999.86 0.217692
5000.72 0.217645
5001.57 0.217596
5002.43 0.217545
5003.29 0.217493
5004.14 0.217442
5005.0 0.21739
5005.85 0.217339
5006.71 0.217288
5007.57 0.217236
5008.42 0.217185
5009.28 0.217133
5010.14 0.217082
5011.0 0.21703
5011.85 0.217004
5012.71 0.217001
5013.57 0.216997
5014.43 0.216994
5015.28 0.21699
5016.14 0.216987
5017.0 0.216984
5017.86 0.21698
5018.72 0.216977
5019.58 0.216973
5020.43 0.21697
5021.29 0.216966
5022.15 0.216982
5023.01 0.217
5023.87 0.217019
5024.73 0.217037
5025.59 0.217056
5026.45 0.217074
5027.31 0.217093
5028.17 0.217111
5029.03 0.21713
5029.89 0.217148
5030.75 0.217163
5031.61 0.217174
5032.47 0.217176
5033.33 0.217179
5034.2 0.217181
5035.06 0.217183
5035.92 0.217186
5036.78 0.217188
5037.64 0.21719
5038.5 0.217192
5039.37 0.217195
5040.23 0.217197
5041.09 0.217199
5041.95 0.217218
5042.82 0.217246
5043.68 0.217275
5044.54 0.217303
5045.4 0.217331
5046.27 0.21736
5047.13 0.217388
5047.99 0.217416
5048.86 0.217445
5049.72 0.217473
5050.59 0.217501
5051.45 0.217531
5052.31 0.217574
5053.18 0.217618
5054.04 0.217661
5054.91 0.217705
5055.77 0.217749
5056.64 0.217792
5057.5 0.217836
5058.37 0.21788
5059.23 0.217923
5060.1 0.217967
5060.97 0.218011
5061.83 0.218045
5062.7 0.218068
5063.56 0.218092
5064.43 0.218116
5065.3 0.21814
5066.16 0.218163
5067.03 0.218187
5067.9 0.218211
5068.76 0.218235
5069.63 0.218259
5070.5 0.218282
5071.37 0.218306
5072.23 0.218343
5073.1 0.218381
5073.97 0.218419
5074.84 0.218456
5075.71 0.218494
5076.57 0.218532
5077.44 0.21857
5078.31 0.218608
5079.18 0.218645
5080.05 0.218683
5080.92 0.218721
5081.79 0.218751
5082.66 0.218772
5083.53 0.218793
5084.4 0.218813
5085.27 0.218834
5086.14 0.218855
5087.01 0.218875
5087.88 0.218896
5088.75 0.218916
5089.62 0.218937
5090.49 0.218958
5091.36 0.218978
5092.23 0.218995
5093.1 0.219012
5093.97 0.219029
5094.85 0.219046
5095.72 0.219063
5096.59 0.21908
5097.46 0.219097
5098.33 0.219113
5099.21 0.21913
5100.08 0.219147
5100.95 0.219164
5101.82 0.21918
5102.7 0.219194
5103.57 0.219208
5104.44 0.219222
5105.32 0.219236
5106.19 0.21925
5107.06 0.219264
5107.94 0.219278
5108.81 0.219292
5109.68 0.219306
5110.56 0.21932
5111.43 0.219334
5112.31 0.21934
5113.18 0.219347
5114.06 0.219353
5114.93 0.219359
5115.81 0.219366
5116.68 0.219372
5117.56 0.219379
5118.43 0.219385
5119.31 0.219391
5120.19 0.219398
5121.06 0.219404
5121.94 0.219404
5122.81 0.2194
5123.69 0.219395
5124.57 0.219391
5125.44 0.219386
5126.32 0.219382
5127.2 0.219377
5128.08 0.219373
5128.95 0.219368
5129.83 0.219364
5130.71 0.219359
5131.59 0.219357
5132.46 0.219363
5133.34 0.219368
5134.22 0.219374
5135.1 0.21938
5135.98 0.219385
5136.86 0.219391
5137.73 0.219397
5138.61 0.219402
5139.49 0.219408
5140.37 0.219414
5141.25 0.21942
5142.13 0.219407
5143.01 0.219391
5143.89 0.219374
5144.77 0.219357
5145.65 0.219341
5146.53 0.219324
5147.41 0.219307
5148.29 0.219291
5149.17 0.219274
5150.06 0.219257
5150.94 0.219241
5151.82 0.219217
5152.7 0.219184
5153.58 0.219151
5154.46 0.219117
5155.34 0.219084
5156.23 0.219051
5157.11 0.219018
5157.99 0.218985
5158.87 0.218952
5159.76 0.218919
5160.64 0.218886
5161.52 0.218854
5162.4 0.218841
5163.29 0.218828
5164.17 0.218814
5165.06 0.218801
5165.94 0.218787
5166.82 0.218774
5167.71 0.218761
5168.59 0.218747
5169.47 0.218734
5170.36 0.21872
5171.24 0.218707
5172.13 0.218699
5173.01 0.218692
5173.9 0.218685
5174.78 0.218679
5175.67 0.218672
5176.56 0.218665
5177.44 0.218658
5178.33 0.218652
5179.21 0.218645
5180.1 0.218638
5180.98 0.218631
5181.87 0.218609
5182.76 0.21857
5183.65 0.218531
5184.53 0.218492
5185.42 0.218453
5186.31 0.218415
5187.19 0.218376
5188.08 0.218337
5188.97 0.218298
5189.86 0.218259
5190.74 0.21822
5191.63 0.218187
5192.52 0.218177
5193.41 0.218167
5194.3 0.218156
5195.19 0.218146
5196.08 0.218136
5196.96 0.218125
5197.85 0.218115
5198.74 0.218105
5199.63 0.218094
5200.52 0.218084
5201.41 0.218074
5202.3 0.218087
5203.19 0.218102
5204.08 0.218116
5204.97 0.218131
5205.86 0.218145
5206.75 0.21816
5207.64 0.218175
5208.54 0.218189
5209.43 0.218204
5210.32 0.218218
5211.21 0.218233
5212.1 0.218237
5212.99 0.218238
5213.88 0.218239
5214.78 0.21824
5215.67 0.218241
5216.56 0.218242
5217.45 0.218242
5218.35 0.218243
5219.24 0.218244
5220.13 0.218245
5221.03 0.218246
5221.92 0.218251
5222.81 0.218261
5223.71 0.21827
5224.6 0.21828
5225.49 0.218289
5226.39 0.218299
5227.28 0.218308
5228.18 0.218318
5229.07 0.218327
5229.96 0.218337
5230.86 0.218347
5231.75 0.218371
5232.65 0.218422
5233.54 0.218472
5234.44 0.218523
5235.34 0.218573
5236.23 0.218624
5237.13 0.218675
5238.02 0.218725
5238.92 0.218776
5239.82 0.218826
5240.71 0.218877
5241.61 0.218925
5242.51 0.218963
5243.4 0.219
5244.3 0.219038
5245.2 0.219075
5246.1 0.219113
5246.99 0.21915
5247.89 0.219188
5248.79 0.219225
5249.69 0.219263
5250.58 0.2193
5251.48 0.219337
5252.38 0.21935
5253.28 0.219362
5254.18 0.219375
5255.08 0.219388
5255.98 0.2194
5256.88 0.219413
5257.78 0.219426
5258.67 0.219438
5259.57 0.219451
5260.47 0.219464
5261.38 0.219476
5262.27 0.219507
5263.18 0.219539
5264.08 0.219571
5264.98 0.219603
5265.88 0.219636
5266.78 0.219668
5267.68 0.2197
5268.58 0.219733
5269.48 0.219765
5270.38 0.219797
5271.29 0.219829
5272.19 0.219821
5273.09 0.219803
5273.99 0.219784
5274.89 0.219766
5275.8 0.219748
5276.7 0.219729
5277.6 0.219711
5278.5 0.219693
5279.41 0.219674
5280.31 0.219656
5281.21 0.219637
5282.12 0.219584
5283.02 0.219518
5283.93 0.219451
5284.83 0.219385
5285.73 0.219318
5286.64 0.219251
5287.54 0.219185
5288.45 0.219118
5289.35 0.219051
5290.26 0.218985
5291.16 0.218918
5292.07 0.218843
5292.97 0.218764
5293.88 0.218685
5294.78 0.218606
5295.69 0.218527
5296.6 0.218448
5297.5 0.218369
5298.41 0.218289
5299.32 0.21821
5300.22 0.218131
5301.13 0.218052
5302.04 0.217917
5302.94 0.217748
5303.85 0.21758
5304.76 0.217411
5305.67 0.217242
5306.57 0.217073
5307.48 0.216904
5308.39 0.216735
5309.3 0.216567
5310.21 0.216398
5311.11 0.216229
5312.02 0.21604
5312.93 0.215838
5313.84 0.215636
5314.75 0.215434
5315.66 0.215233
5316.57 0.215031
5317.48 0.214829
5318.39 0.214627
5319.3 0.214425
5320.21 0.214223
5321.12 0.214021
5322.03 0.213813
5322.94 0.213601
5323.85 0.21339
5324.76 0.213178
5325.67 0.212966
5326.58 0.212754
5327.5 0.212543
5328.41 0.212331
5329.32 0.212119
5330.23 0.211907
5331.14 0.211695
5332.05 0.211471
5332.97 0.211241
5333.88 0.21101
5334.79 0.21078
5335.7 0.210549
5336.62 0.210319
5337.53 0.210088
5338.44 0.209858
5339.36 0.209627
5340.27 0.209396
5341.18 0.209166
5342.1 0.208927
5343.01 0.208684
5343.93 0.208441
5344.84 0.208199
5345.76 0.207956
5346.67 0.207713
5347.58 0.20747
5348.5 0.207227
5349.41 0.206984
5350.33 0.206742
5351.25 0.206498
5352.16 0.206307
5353.08 0.206134
5353.99 0.205961
5354.91 0.205789
5355.82 0.205616
5356.74 0.205443
5357.66 0.20527
5358.57 0.205097
5359.49 0.204924
5360.41 0.204751
5361.33 0.204578
5362.24 0.204445
5363.16 0.204321
5364.08 0.204196
5365.0 0.204072
5365.91 0.203947
5366.83 0.203823
5367.75 0.203698
5368.67 0.203574
5369.59 0.203449
5370.51 0.203325
5371.42 0.2032
5372.34 0.203093
5373.26 0.202986
5374.18 0.20288
5375.1 0.202774
5376.02 0.202668
5376.94 0.202561
5377.86 0.202455
5378.78 0.202349
5379.7 0.202243
5380.62 0.202136
5381.54 0.202033
5382.46 0.201977
5383.38 0.201921
5384.3 0.201866
5385.23 0.20181
5386.15 0.201754
5387.07 0.201698
5387.99 0.201643
5388.91 0.201587
5389.83 0.201531
5390.76 0.201476
5391.68 0.201428
5392.6 0.201415
5393.52 0.201402
5394.45 0.201389
5395.37 0.201376
5396.29 0.201363
5397.22 0.20135
5398.14 0.201337
5399.06 0.201324
5399.99 0.201311
5400.91 0.201298
5401.83 0.201272
5402.76 0.201222
5403.68 0.201173
5404.61 0.201123
5405.53 0.201074
5406.46 0.201024
5407.38 0.200975
5408.31 0.200926
5409.23 0.200876
5410.16 0.200827
5411.08 0.200777
5412.01 0.200723
5412.94 0.200666
5413.86 0.200609
5414.79 0.200552
5415.71 0.200494
5416.64 0.200437
5417.57 0.20038
5418.5 0.200323
5419.42 0.200265
5420.35 0.200208
5421.28 0.200151
5422.2 0.200059
5423.13 0.199956
5424.06 0.199853
5424.99 0.19975
5425.92 0.199647
5426.84 0.199544
5427.77 0.199441
5428.7 0.199338
5429.63 0.199235
5430.56 0.199132
5431.49 0.199029
5432.42 0.198891
5433.35 0.198753
5434.28 0.198615
5435.21 0.198476
5436.14 0.198338
5437.07 0.1982
5438.0 0.198061
5438.93 0.197923
5439.86 0.197784
5440.79 0.197646
5441.72 0.197505
5442.65 0.197358
5443.58 0.19721
5444.51 0.197063
5445.44 0.196916
5446.38 0.196768
5447.31 0.196621
5448.24 0.196473
5449.17 0.196326
5450.1 0.196178
5451.04 0.196031
5451.97 0.195892
5452.9 0.195764
5453.84 0.195635
5454.77 0.195506
5455.7 0.195378
5456.64 0.195249
5457.57 0.19512
5458.5 0.194992
5459.44 0.194863
5460.37 0.194734
5461.31 0.194605
5462.24 0.194412
5463.17 0.194199
5464.11 0.193987
5465.04 0.193774
5465.98 0.193562
5466.91 0.19335
5467.85 0.193137
5468.78 0.192925
5469.72 0.192712
5470.66 0.192499
5471.59 0.19226
5472.53 0.191705
5473.47 0.191149
5474.4 0.190594
5475.34 0.190038
5476.27 0.189483
5477.21 0.188927
5478.15 0.188371
5479.09 0.187815
5480.02 0.187259
5480.96 0.186704
5481.9 0.185806
5482.84 0.184403
5483.77 0.182998
5484.71 0.181593
5485.65 0.180188
5486.59 0.178782
5487.53 0.177377
5488.47 0.175971
5489.41 0.174565
5490.35 0.173159
5491.29 0.171753
5492.22 0.169427
5493.16 0.166783
5494.1 0.16414
5495.04 0.161497
5495.98 0.158852
5496.93 0.156207
5497.87 0.153563
5498.81 0.150919
5499.75 0.148274
5500.69 0.145629
5501.63 0.142877
5502.57 0.139258
5503.51 0.135638
5504.45 0.132017
5505.4 0.128396
5506.34 0.124775
5507.28 0.121155
5508.22 0.117534
5509.16 0.113912
5510.11 0.110289
5511.05 0.106665
5511.99 0.103067
5512.94 0.0994947
5513.88 0.0959242
5514.82 0.0923503
5515.77 0.0887783
5516.71 0.0852066
5517.65 0.0816331
5518.6 0.078058
5519.54 0.0744849
5520.49 0.0709083
5521.43 0.0673337
5522.38 0.0646362
5523.32 0.0620465
5524.27 0.0594555
5525.21 0.0568673
5526.16 0.0542753
5527.1 0.0516847
5528.05 0.0490929
5528.99 0.0465012
5529.94 0.0439083
5530.88 0.0413169
5531.83 0.0390093
5532.78 0.0373355
5533.72 0.0356618
5534.67 0.0339873
5535.62 0.0323129
5536.56 0.0306377
5537.51 0.0289626
5538.46 0.0272868
5539.41 0.025611
5540.35 0.0239353
5541.3 0.0222596
5542.25 0.0211426
5543.2 0.0202102
5544.15 0.0192779
5545.1 0.0183451
5546.04 0.0174124
5546.99 0.0164792
5547.94 0.0155461
5548.89 0.014613
5549.84 0.01368
5550.79 0.012747
5551.74 0.0119051
5552.69 0.0114086
5553.64 0.0109123
5554.59 0.0104159
5555.54 0.00991918
5556.49 0.00942252
5557.44 0.00892588
5558.39 0.00842926
5559.34 0.00793268
5560.29 0.00743586
5561.25 0.00693882
5562.2 0.00659709
5563.15 0.00632575
5564.1 0.00605429
5565.05 0.00578285
5566.01 0.00551142
5566.96 0.00524
5567.91 0.0049686
5568.86 0.00469708
5569.82 0.00442543
5570.77 0.00415393
5571.72 0.00390449
5572.68 0.00375427
5573.63 0.00360399
5574.58 0.00345371
5575.54 0.00330344
5576.49 0.00315318
5577.44 0.00300285
5578.4 0.00285245
5579.35 0.00270213
5580.31 0.00255167
5581.26 0.00240129
5582.22 0.00229529
5583.17 0.00220838
5584.13 0.00212144
5585.08 0.00203459
5586.04 0.00194766
5586.99 0.00186068
5587.95 0.00177372
5588.91 0.00168675
5589.86 0.00159979
5590.82 0.00151279
5591.78 0.00143408
5592.73 0.00138254
5593.69 0.00133105
5594.65 0.00127949
5595.6 0.00122795
5596.56 0.0011764
5597.52 0.00112485
5598.48 0.00107327
5599.43 0.00102172
5600.39 0.000970124
5601.35 0.000918555
5602.31 0.000883263
5603.27 0.000852377
5604.23 0.000821477
5605.18 0.000790594
5606.14 0.000759682
5607.1 0.000728787
5608.06 0.000697878
5609.02 0.000666971
5609.98 0.000636049
5610.94 0.000605161
5611.9 0.000578613
5612.86 0.000559961
5613.82 0.0005413
5614.78 0.00052264
5615.74 0.000503972
5616.7 0.000485305
5617.66 0.000466639
5618.63 0.000447965
5619.59 0.00042931
5620.55 0.000410629
5621.51 0.000391957
5622.47 0.000379168
5623.43 0.000366704
5624.4 0.000354235
5625.36 0.000341766
5626.32 0.000329298
5627.28 0.000316825
5628.25 0.000304365
5629.21 0.000291887
5630.17 0.000279414
5631.14 0.000266931
5632.1 0.000256949
5633.06 0.000248973
5634.03 0.000240994
5634.99 0.000233015
5635.95 0.000225033
5636.92 0.000217057
5637.88 0.000209077
5638.85 0.000201094
5639.81 0.000193112
5640.78 0.000185131
5641.74 0.00017776
5642.71 0.000173119
5643.67 0.000168478
5644.64 0.000163835
5645.6 0.000159196
5646.57 0.000154554
5647.54 0.000149911
5648.5 0.000145268
5649.47 0.000140625
5650.44 0.000135981
5651.4 0.000131338
5652.37 0.000126952
5653.34 0.000122618
5654.3 0.000118287
5655.27 0.000113954
5656.24 0.000109619
5657.21 0.000105285
5658.17 0.000100949
5659.14 9.66154e-05
5660.11 9.22781e-05
5661.08 8.79435e-05
5662.05 8.45509e-05
5663.02 8.21294e-05
5663.99 7.97093e-05
5664.95 7.72871e-05
5665.92 7.48652e-05
5666.89 7.24423e-05
5667.86 7.00209e-05
5668.83 6.75973e-05
5669.8 6.51752e-05
5670.77 6.27521e-05
5671.74 6.0505e-05
5672.71 5.9089e-05
5673.68 5.76719e-05
5674.65 5.62548e-05
5675.63 5.48372e-05
5676.6 5.34198e-05
5677.57 5.20025e-05
5678.54 5.05847e-05
5679.51 4.91671e-05
5680.48 4.77496e-05
5681.45 4.63329e-05
5682.43 4.47472e-05
5683.4 4.31376e-05
5684.37 4.15273e-05
5685.34 3.99172e-05
5686.32 3.83073e-05
5687.29 3.66968e-05
5688.26 3.50865e-05
5689.24 3.34763e-05
5690.21 3.18664e-05
5691.18 3.02558e-05
5692.16 2.93006e-05
5693.13 2.87945e-05
5694.1 2.82885e-05
5695.08 2.77825e-05
5696.05 2.72764e-05
5697.03 2.67703e-05
5698.0 2.62642e-05
5698.98 2.57582e-05
5699.95 2.5252e-05
5700.93 2.47459e-05
5701.9 2.42871e-05
5702.88 2.39251e-05
5703.85 2.35631e-05
5704.83 2.32009e-05
5705.81 2.28388e-05
5706.78 2.24766e-05
5707.76 2.21148e-05
5708.73 2.17526e-05
5709.71 2.13904e-05
5710.69 2.10281e-05
5711.67 2.06376e-05
5712.64 1.99386e-05
5713.62 1.92393e-05
5714.6 1.854e-05
5715.58 1.78405e-05
5716.55 1.71414e-05
5717.53 1.64421e-05
5718.51 1.57428e-05
5719.49 1.50433e-05
5720.47 1.43435e-05
5721.45 1.36441e-05
5722.42 1.34601e-05
5723.4 1.33629e-05
5724.38 1.32657e-05
5725.36 1.31686e-05
5726.34 1.30714e-05
5727.32 1.29742e-05
5728.3 1.28769e-05
5729.28 1.27797e-05
5730.26 1.26825e-05
5731.24 1.25853e-05
5732.22 1.23477e-05
5733.2 1.20333e-05
5734.18 1.17191e-05
5735.17 1.14047e-05
5736.15 1.10903e-05
5737.13 1.07758e-05
5738.11 1.04614e-05
5739.09 1.01469e-05
5740.07 9.83242e-06
5741.06 9.51782e-06
5742.04 9.21421e-06
5743.02 8.92397e-06
5744.0 8.63361e-06
5744.99 8.34315e-06
5745.97 8.05271e-06
5746.95 7.76216e-06
5747.94 7.4718e-06
5748.92 7.18117e-06
5749.9 6.89073e-06
5750.89 6.60017e-06
5751.87 6.36632e-06
5752.85 6.27806e-06
5753.84 6.18982e-06
5754.82 6.10159e-06
5755.81 6.01332e-06
5756.79 5.92506e-06
5757.78 5.83681e-06
5758.76 5.74853e-06
5759.75 5.66026e-06
5760.73 5.57204e-06
5761.72 5.48035e-06
5762.7 5.36436e-06
5763.69 5.24839e-06
5764.68 5.13238e-06
5765.66 5.01638e-06
5766.65 4.90039e-06
5767.64 4.78436e-06
5768.62 4.66834e-06
5769.61 4.55239e-06
5770.6 4.43634e-06
5771.58 4.3203e-06
5772.57 4.22581e-06
5773.56 4.13168e-06
5774.55 4.03756e-06
5775.54 3.94345e-06
5776.52 3.84931e-06
5777.51 3.75513e-06
5778.5 3.66106e-06
5779.49 3.56691e-06
5780.48 3.47276e-06
5781.47 3.37858e-06
5782.46 3.31032e-06
5783.45 3.24621e-06
5784.44 3.18207e-06
5785.42 3.11794e-06
5786.41 3.05382e-06
5787.4 2.98971e-06
5788.39 2.92557e-06
5789.38 2.86144e-06
5790.38 2.79728e-06
5791.37 2.73313e-06
5792.36 2.67741e-06
5793.35 2.62435e-06
5794.34 2.57129e-06
5795.33 2.51821e-06
5796.32 2.4652e-06
5797.31 2.41213e-06
5798.31 2.35905e-06
5799.3 2.30597e-06
