4378.29 2.48063e-06
4379.03 2.49612e-06
4379.78 2.51161e-06
4380.52 2.52711e-06
4381.27 2.54317e-06
4382.01 2.56953e-06
4382.76 2.5959e-06
4383.51 2.6223e-06
4384.25 2.6487e-06
4385.0 2.6751e-06
4385.74 2.70151e-06
4386.49 2.72794e-06
4387.24 2.75438e-06
4387.98 2.78082e-06
4388.73 2.80729e-06
4389.48 2.83376e-06
4390.23 2.86023e-06
4390.97 2.88671e-06
4391.72 2.9132e-06
4392.47 2.9397e-06
4393.21 2.96621e-06
4393.96 2.99275e-06
4394.71 3.01927e-06
4395.46 3.04582e-06
4396.21 3.07236e-06
4396.95 3.09892e-06
4397.7 3.1255e-06
4398.45 3.15208e-06
4399.2 3.17867e-06
4399.95 3.20526e-06
4400.7 3.23187e-06
4401.45 3.25785e-06
4402.2 3.28218e-06
4402.94 3.30654e-06
4403.69 3.33088e-06
4404.44 3.35524e-06
4405.19 3.37961e-06
4405.94 3.404e-06
4406.69 3.42839e-06
4407.44 3.45279e-06
4408.19 3.47719e-06
4408.94 3.50159e-06
4409.69 3.52602e-06
4410.44 3.55045e-06
4411.19 3.57491e-06
4411.95 3.59935e-06
4412.7 3.62381e-06
4413.45 3.64827e-06
4414.2 3.67276e-06
4414.95 3.69724e-06
4415.7 3.72174e-06
4416.45 3.74624e-06
4417.2 3.77076e-06
4417.96 3.79527e-06
4418.71 3.8198e-06
4419.46 3.84434e-06
4420.21 3.86889e-06
4420.96 3.89345e-06
4421.72 3.91448e-06
4422.47 3.93349e-06
4423.22 3.95249e-06
4423.98 3.97151e-06
4424.73 3.99053e-06
4425.48 4.00955e-06
4426.23 4.02859e-06
4426.99 4.04764e-06
4427.74 4.06668e-06
4428.49 4.08573e-06
4429.25 4.1048e-06
4430.0 4.12387e-06
4430.76 4.14306e-06
4431.51 4.16226e-06
4432.26 4.18148e-06
4433.02 4.2007e-06
4433.77 4.21992e-06
4434.53 4.23915e-06
4435.28 4.25839e-06
4436.04 4.27764e-06
4436.79 4.2969e-06
4437.55 4.31617e-06
4438.3 4.33545e-06
4439.06 4.35472e-06
4439.81 4.37402e-06
4440.57 4.39331e-06
4441.33 4.41481e-06
4442.08 4.45528e-06
4442.84 4.49576e-06
4443.59 4.53627e-06
4444.35 4.57679e-06
4445.11 4.61732e-06
4445.86 4.65787e-06
4446.62 4.69845e-06
4447.38 4.73903e-06
4448.13 4.77963e-06
4448.89 4.82024e-06
4449.65 4.86089e-06
4450.4 4.90154e-06
4451.16 4.94224e-06
4451.92 4.98291e-06
4452.68 5.02362e-06
4453.44 5.06435e-06
4454.19 5.10508e-06
4454.95 5.14585e-06
4455.71 5.1866e-06
4456.47 5.22741e-06
4457.23 5.26821e-06
4457.98 5.30905e-06
4458.74 5.34989e-06
4459.5 5.39072e-06
4460.26 5.43162e-06
4461.02 5.47251e-06
4461.78 5.57451e-06
4462.54 5.70332e-06
4463.3 5.83217e-06
4464.06 5.96113e-06
4464.82 6.09012e-06
4465.58 6.21922e-06
4466.34 6.34828e-06
4467.1 6.47745e-06
4467.86 6.60666e-06
4468.62 6.73589e-06
4469.38 6.86524e-06
4470.14 6.99454e-06
4470.9 7.12404e-06
4471.66 7.25349e-06
4472.42 7.38305e-06
4473.18 7.51257e-06
4473.95 7.64228e-06
4474.71 7.77194e-06
4475.47 7.90172e-06
4476.23 8.03153e-06
4476.99 8.16137e-06
4477.75 8.29133e-06
4478.52 8.42124e-06
4479.28 8.55134e-06
4480.04 8.6814e-06
4480.8 8.81149e-06
4481.57 8.93373e-06
4482.33 9.04425e-06
4483.09 9.15487e-06
4483.85 9.26544e-06
4484.62 9.37612e-06
4485.38 9.48682e-06
4486.14 9.59762e-06
4486.91 9.70838e-06
4487.67 9.81923e-06
4488.44 9.93019e-06
4489.2 1.00411e-05
4489.96 1.01521e-05
4490.73 1.02631e-05
4491.49 1.03742e-05
4492.26 1.04854e-05
4493.02 1.05966e-05
4493.79 1.07078e-05
4494.55 1.0819e-05
4495.31 1.09304e-05
4496.08 1.10417e-05
4496.85 1.11531e-05
4497.61 1.12646e-05
4498.38 1.13761e-05
4499.14 1.14877e-05
4499.91 1.15992e-05
4500.67 1.171e-05
4501.44 1.18129e-05
4502.21 1.18893e-05
4502.97 1.19657e-05
4503.74 1.20421e-05
4504.5 1.21185e-05
4505.27 1.2195e-05
4506.04 1.22715e-05
4506.8 1.23479e-05
4507.57 1.24244e-05
4508.34 1.2501e-05
4509.11 1.25776e-05
4509.87 1.26541e-05
4510.64 1.27307e-05
4511.41 1.28073e-05
4512.18 1.28839e-05
4512.94 1.29606e-05
4513.71 1.30373e-05
4514.48 1.31139e-05
4515.25 1.31907e-05
4516.02 1.32674e-05
4516.79 1.33442e-05
4517.56 1.34209e-05
4518.32 1.34977e-05
4519.09 1.35746e-05
4519.86 1.36514e-05
4520.63 1.37282e-05
4521.4 1.37632e-05
4522.17 1.35983e-05
4522.94 1.34333e-05
4523.71 1.32683e-05
4524.48 1.31032e-05
4525.25 1.29382e-05
4526.02 1.27729e-05
4526.79 1.26077e-05
4527.56 1.24425e-05
4528.33 1.22773e-05
4529.1 1.21119e-05
4529.87 1.19465e-05
4530.64 1.17811e-05
4531.42 1.18649e-05
4532.19 1.30293e-05
4532.96 1.41945e-05
4533.73 1.53598e-05
4534.5 1.65252e-05
4535.27 1.76915e-05
4536.04 1.88579e-05
4536.82 2.00244e-05
4537.59 2.1191e-05
4538.36 2.23585e-05
4539.13 2.35253e-05
4539.91 2.46938e-05
4540.68 2.58616e-05
4541.45 2.69263e-05
4542.22 2.76443e-05
4543.0 2.83623e-05
4543.77 2.90809e-05
4544.54 2.97995e-05
4545.32 3.05182e-05
4546.09 3.1237e-05
4546.86 3.19559e-05
4547.64 3.26752e-05
4548.41 3.33951e-05
4549.19 3.41146e-05
4549.96 3.48342e-05
4550.73 3.55543e-05
4551.51 3.59706e-05
4552.28 3.56851e-05
4553.06 3.53994e-05
4553.83 3.51136e-05
4554.61 3.48279e-05
4555.38 3.45419e-05
4556.16 3.4256e-05
4556.94 3.39699e-05
4557.71 3.36839e-05
4558.49 3.33976e-05
4559.26 3.31114e-05
4560.04 3.2825e-05
4560.81 3.25387e-05
4561.59 3.23513e-05
4562.37 3.23112e-05
4563.14 3.22712e-05
4563.92 3.22312e-05
4564.7 3.21911e-05
4565.47 3.21511e-05
4566.25 3.2111e-05
4567.03 3.20709e-05
4567.8 3.20309e-05
4568.58 3.19907e-05
4569.36 3.19506e-05
4570.14 3.19105e-05
4570.92 3.18704e-05
4571.69 3.29484e-05
4572.47 3.50178e-05
4573.25 3.7086e-05
4574.03 3.91558e-05
4574.81 4.1227e-05
4575.58 4.32972e-05
4576.36 4.53688e-05
4577.14 4.74419e-05
4577.92 4.9514e-05
4578.7 5.15862e-05
4579.48 5.36599e-05
4580.26 5.57352e-05
4581.04 5.78093e-05
4581.82 6.03941e-05
4582.6 6.32118e-05
4583.38 6.60299e-05
4584.16 6.88499e-05
4584.94 7.16703e-05
4585.72 7.44909e-05
4586.5 7.73118e-05
4587.28 8.01347e-05
4588.06 8.29579e-05
4588.84 8.57814e-05
4589.62 8.86069e-05
4590.4 9.14309e-05
4591.19 9.42587e-05
4591.97 9.50805e-05
4592.75 9.56061e-05
4593.53 9.6132e-05
4594.31 9.6658e-05
4595.09 9.71841e-05
4595.88 9.77106e-05
4596.66 9.82371e-05
4597.44 9.8764e-05
4598.22 9.92906e-05
4599.01 9.98175e-05
4599.79 0.000100345
4600.57 0.000100872
4601.35 0.000101368
4602.14 0.00010152
4602.92 0.000101672
4603.7 0.000101823
4604.49 0.000101976
4605.27 0.000102128
4606.05 0.00010228
4606.84 0.000102432
4607.62 0.000102584
4608.41 0.000102736
4609.19 0.000102888
4609.98 0.000103041
4610.76 0.000103193
4611.54 0.000103554
4612.33 0.000104351
4613.11 0.000105148
4613.9 0.000105945
4614.69 0.000106743
4615.47 0.000107541
4616.26 0.000108338
4617.04 0.000109137
4617.83 0.000109936
4618.61 0.000110734
4619.4 0.000111533
4620.19 0.000112332
4620.97 0.000113132
4621.76 0.00011527
4622.55 0.000118335
4623.33 0.000121401
4624.12 0.000124467
4624.91 0.000127535
4625.69 0.000130603
4626.48 0.000133674
4627.27 0.000136743
4628.06 0.000139814
4628.84 0.000142886
4629.63 0.000145959
4630.42 0.00014903
4631.21 0.000152102
4632.0 0.000161178
4632.78 0.000171026
4633.57 0.000180881
4634.36 0.000190736
4635.15 0.000200592
4635.94 0.000210455
4636.73 0.000220318
4637.52 0.000230182
4638.31 0.000240052
4639.09 0.000249917
4639.88 0.000259795
4640.67 0.000269667
4641.46 0.000281427
4642.25 0.000300367
4643.04 0.000319308
4643.83 0.000338261
4644.62 0.000357216
4645.42 0.00037616
4646.21 0.000395117
4647.0 0.000414087
4647.79 0.000433058
4648.58 0.000452031
4649.37 0.000471004
4650.16 0.000489991
4650.95 0.000508978
4651.74 0.000526379
4652.54 0.000542527
4653.33 0.000558686
4654.12 0.000574846
4654.91 0.000591007
4655.7 0.000607169
4656.5 0.000623342
4657.29 0.000639516
4658.08 0.000655701
4658.87 0.000671887
4659.67 0.000688064
4660.46 0.000704252
4661.25 0.00072045
4662.05 0.000733573
4662.84 0.000746475
4663.63 0.000759394
4664.43 0.000772314
4665.22 0.000785227
4666.02 0.000798157
4666.81 0.000811079
4667.6 0.000824002
4668.4 0.000836942
4669.19 0.000849874
4669.99 0.000862808
4670.78 0.00087575
4671.58 0.000892955
4672.37 0.000918445
4673.17 0.000943953
4673.96 0.000969462
4674.76 0.000994973
4675.55 0.0010205
4676.35 0.00104601
4677.15 0.00107155
4677.94 0.00109708
4678.74 0.00112263
4679.53 0.00114818
4680.33 0.00117373
4681.13 0.00119929
4681.92 0.00124362
4682.72 0.00129354
4683.52 0.00134347
4684.31 0.00139344
4685.11 0.0014434
4685.91 0.00149337
4686.71 0.00154332
4687.5 0.00159332
4688.3 0.00164333
4689.1 0.00169334
4689.9 0.00174339
4690.7 0.00179344
4691.5 0.00184585
4692.29 0.00190619
4693.09 0.00196658
4693.89 0.00202694
4694.69 0.00208733
4695.49 0.00214777
4696.29 0.00220817
4697.09 0.00226861
4697.89 0.00232909
4698.69 0.00238955
4699.49 0.00245004
4700.29 0.00251053
4701.09 0.00257103
4701.89 0.00262343
4702.69 0.00267255
4703.49 0.00272168
4704.29 0.00277081
4705.09 0.00281997
4705.89 0.00286914
4706.69 0.00291833
4707.49 0.0029675
4708.29 0.00301668
4709.09 0.00306591
4709.89 0.00311512
4710.7 0.00316437
4711.5 0.00322017
4712.3 0.00329865
4713.1 0.00337719
4713.9 0.00345573
4714.71 0.00353427
4715.51 0.00361283
4716.31 0.00369138
4717.11 0.00376999
4717.92 0.00384865
4718.72 0.00392727
4719.52 0.00400594
4720.33 0.00408462
4721.13 0.00416335
4721.93 0.00435052
4722.74 0.00457135
4723.54 0.00479233
4724.34 0.00501332
4725.15 0.00523446
4725.95 0.00545562
4726.76 0.00567692
4727.56 0.0058981
4728.37 0.00611943
4729.17 0.00634091
4729.98 0.00656214
4730.78 0.00678364
4731.59 0.00713228
4732.39 0.00774419
4733.2 0.00835651
4734.0 0.00896886
4734.81 0.00958126
4735.61 0.0101941
4736.42 0.0108065
4737.23 0.011419
4738.03 0.0120323
4738.84 0.0126453
4739.64 0.0132587
4740.45 0.0138721
4741.26 0.0144859
4742.07 0.0156525
4742.87 0.0168694
4743.68 0.0180865
4744.49 0.0193029
4745.29 0.0205209
4746.1 0.0217389
4746.91 0.0229578
4747.72 0.0241767
4748.53 0.0253957
4749.33 0.0266148
4750.14 0.0278339
4750.95 0.0290539
4751.76 0.0302074
4752.57 0.0313044
4753.38 0.0324009
4754.19 0.0334981
4755.0 0.034596
4755.8 0.0356934
4756.61 0.0367914
4757.42 0.0378896
4758.23 0.0389878
4759.04 0.040086
4759.85 0.041185
4760.66 0.0422841
4761.47 0.043314
4762.28 0.0440149
4763.09 0.0447162
4763.9 0.045418
4764.72 0.0461194
4765.53 0.0468213
4766.34 0.0475232
4767.15 0.0482251
4767.96 0.0489275
4768.77 0.04963
4769.58 0.0503325
4770.4 0.0510355
4771.21 0.0517385
4772.02 0.053219
4772.83 0.0548437
4773.64 0.0564685
4774.46 0.0580943
4775.27 0.0597202
4776.08 0.0613473
4776.89 0.0629744
4777.71 0.0646016
4778.52 0.066229
4779.33 0.0678574
4780.15 0.0694859
4780.96 0.0711135
4781.77 0.0738447
4782.59 0.0775237
4783.4 0.081203
4784.22 0.0848825
4785.03 0.0885645
4785.84 0.0922467
4786.66 0.0959291
4787.47 0.099614
4788.29 0.103297
4789.1 0.106982
4789.92 0.110668
4790.73 0.114356
4791.55 0.118417
4792.36 0.12355
4793.18 0.128686
4794.0 0.133819
4794.81 0.138959
4795.63 0.144093
4796.44 0.149234
4797.26 0.154375
4798.08 0.159516
4798.89 0.164657
4799.71 0.169802
4800.53 0.174947
4801.34 0.18009
4802.16 0.183563
4802.98 0.187037
4803.8 0.190515
4804.61 0.193991
4805.43 0.197469
4806.25 0.200948
4807.07 0.204427
4807.89 0.207908
4808.7 0.211389
4809.52 0.214871
4810.34 0.218352
4811.16 0.221836
4811.98 0.223569
4812.8 0.224791
4813.62 0.226015
4814.44 0.227238
4815.26 0.228462
4816.08 0.229686
4816.89 0.23091
4817.71 0.232134
4818.53 0.233359
4819.35 0.234584
4820.17 0.23581
4821.0 0.237036
4821.82 0.237738
4822.64 0.238045
4823.46 0.238353
4824.28 0.238661
4825.1 0.238969
4825.92 0.239277
4826.74 0.239585
4827.56 0.239893
4828.38 0.240201
4829.21 0.240509
4830.03 0.240818
4830.85 0.241124
4831.67 0.241203
4832.49 0.240931
4833.32 0.240659
4834.14 0.240387
4834.96 0.240115
4835.79 0.239842
4836.61 0.23957
4837.43 0.239298
4838.26 0.239025
4839.08 0.238753
4839.9 0.23848
4840.73 0.238208
4841.55 0.237932
4842.37 0.237646
4843.2 0.23736
4844.02 0.237073
4844.85 0.236787
4845.67 0.2365
4846.5 0.236214
4847.32 0.235927
4848.15 0.235641
4848.97 0.235354
4849.8 0.235068
4850.62 0.234781
4851.45 0.234554
4852.27 0.234807
4853.1 0.235059
4853.92 0.235312
4854.75 0.235565
4855.58 0.235818
4856.4 0.236071
4857.23 0.236323
4858.06 0.236576
4858.88 0.23683
4859.71 0.237083
4860.54 0.237336
4861.37 0.237591
4862.19 0.238041
4863.02 0.238492
4863.85 0.238942
4864.68 0.239393
4865.5 0.239844
4866.33 0.240295
4867.16 0.240746
4867.99 0.241197
4868.82 0.241648
4869.65 0.2421
4870.47 0.242551
4871.3 0.243002
4872.13 0.242911
4872.96 0.242779
4873.79 0.242647
4874.62 0.242515
4875.45 0.242383
4876.28 0.242251
4877.11 0.242119
4877.94 0.241987
4878.77 0.241855
4879.6 0.241723
4880.43 0.241591
4881.26 0.241459
4882.09 0.240856
4882.92 0.240188
4883.75 0.239519
4884.58 0.238851
4885.42 0.238182
4886.25 0.237513
4887.08 0.236844
4887.91 0.236175
4888.74 0.235505
4889.58 0.234836
4890.41 0.234166
4891.24 0.233496
4892.07 0.23293
4892.9 0.232382
4893.74 0.231834
4894.57 0.231286
4895.4 0.230738
4896.24 0.23019
4897.07 0.229641
4897.9 0.229092
4898.74 0.228543
4899.57 0.227995
4900.4 0.227446
4901.24 0.226897
4902.07 0.226762
4902.91 0.226703
4903.74 0.226643
4904.58 0.226584
4905.41 0.226525
4906.25 0.226466
4907.08 0.226407
4907.92 0.226348
4908.75 0.226289
4909.59 0.22623
4910.42 0.226171
4911.26 0.226111
4912.09 0.226369
4912.93 0.226678
4913.77 0.226985
4914.6 0.227294
4915.44 0.227602
4916.28 0.22791
4917.11 0.228218
4917.95 0.228527
4918.79 0.228835
4919.62 0.229144
4920.46 0.229452
4921.3 0.229761
4922.14 0.230171
4922.97 0.230591
4923.81 0.231012
4924.65 0.231432
4925.49 0.231853
4926.33 0.232274
4927.16 0.232695
4928.0 0.233116
4928.84 0.233536
4929.68 0.233958
4930.52 0.234379
4931.36 0.2348
4932.2 0.235241
4933.04 0.235682
4933.88 0.236124
4934.72 0.236565
4935.56 0.237007
4936.4 0.237449
4937.24 0.237891
4938.08 0.238332
4938.92 0.238774
4939.76 0.239216
4940.6 0.239659
4941.44 0.240092
4942.28 0.240417
4943.12 0.240742
4943.96 0.241066
4944.8 0.241391
4945.65 0.241716
4946.49 0.242041
4947.33 0.242366
4948.17 0.242691
4949.01 0.243016
4949.86 0.243342
4950.7 0.243667
4951.54 0.243941
4952.38 0.243993
4953.23 0.244045
4954.07 0.244098
4954.91 0.24415
4955.76 0.244203
4956.6 0.244255
4957.44 0.244308
4958.29 0.24436
4959.13 0.244413
4959.98 0.244465
4960.82 0.244518
4961.66 0.244461
4962.51 0.244185
4963.35 0.243908
4964.2 0.243631
4965.04 0.243355
4965.89 0.243078
4966.73 0.242801
4967.58 0.242524
4968.42 0.242247
4969.27 0.24197
4970.11 0.241693
4970.96 0.241416
4971.81 0.241108
4972.65 0.240768
4973.5 0.240428
4974.35 0.240088
4975.19 0.239747
4976.04 0.239407
4976.89 0.239067
4977.73 0.238726
4978.58 0.238386
4979.43 0.238045
4980.27 0.237705
4981.12 0.237364
4981.97 0.237214
4982.82 0.237153
4983.67 0.237092
4984.51 0.23703
4985.36 0.236969
4986.21 0.236907
4987.06 0.236846
4987.91 0.236785
4988.76 0.236723
4989.61 0.236662
4990.46 0.2366
4991.3 0.236539
4992.15 0.236807
4993.0 0.237114
4993.85 0.23742
4994.7 0.237727
4995.55 0.238033
4996.4 0.23834
4997.25 0.238647
4998.1 0.238954
4998.96 0.23926
4999.81 0.239567
5000.66 0.23987
5001.51 0.24018
5002.36 0.240538
5003.21 0.240896
5004.06 0.241255
5004.91 0.241613
5005.77 0.241972
5006.62 0.24233
5007.47 0.242689
5008.32 0.243048
5009.17 0.243407
5010.03 0.243766
5010.88 0.244125
5011.73 0.244352
5012.59 0.244377
5013.44 0.244401
5014.29 0.244426
5015.15 0.24445
5016.0 0.244475
5016.85 0.244499
5017.71 0.244524
5018.56 0.244548
5019.42 0.244573
5020.27 0.244597
5021.12 0.244622
5021.98 0.244319
5022.83 0.243858
5023.69 0.243398
5024.54 0.242937
5025.4 0.242476
5026.25 0.242015
5027.11 0.241555
5027.96 0.241094
5028.82 0.240633
5029.68 0.240172
5030.53 0.239708
5031.39 0.239242
5032.24 0.238579
5033.1 0.237911
5033.96 0.237244
5034.81 0.236577
5035.67 0.23591
5036.53 0.235243
5037.39 0.234576
5038.24 0.233908
5039.1 0.233241
5039.96 0.232573
5040.82 0.231905
5041.67 0.231287
5042.53 0.230779
5043.39 0.230271
5044.25 0.229763
5045.11 0.229255
5045.97 0.228746
5046.82 0.228238
5047.68 0.227729
5048.54 0.22722
5049.4 0.226712
5050.26 0.226203
5051.12 0.225694
5051.98 0.225417
5052.84 0.225256
5053.7 0.225096
5054.56 0.224935
5055.42 0.224774
5056.28 0.224614
5057.14 0.224453
5058.0 0.224292
5058.86 0.224131
5059.72 0.223971
5060.59 0.22381
5061.45 0.223663
5062.31 0.223828
5063.17 0.223993
5064.03 0.224159
5064.89 0.224324
5065.75 0.22449
5066.62 0.224655
5067.48 0.224821
5068.34 0.224986
5069.2 0.225152
5070.07 0.225317
5070.93 0.225483
5071.79 0.225715
5072.66 0.226031
5073.52 0.226347
5074.38 0.226664
5075.25 0.22698
5076.11 0.227297
5076.97 0.227613
5077.84 0.227929
5078.7 0.228246
5079.57 0.228563
5080.43 0.228879
5081.3 0.229196
5082.16 0.229499
5083.03 0.229801
5083.89 0.230102
5084.76 0.230403
5085.62 0.230704
5086.49 0.231006
5087.35 0.231307
5088.22 0.231609
5089.08 0.23191
5089.95 0.232212
5090.82 0.232513
5091.68 0.232769
5092.55 0.232921
5093.42 0.233074
5094.28 0.233226
5095.15 0.233379
5096.02 0.233531
5096.89 0.233683
5097.75 0.233836
5098.62 0.233988
5099.49 0.234141
5100.36 0.234293
5101.22 0.234446
5102.09 0.234532
5102.96 0.234598
5103.83 0.234665
5104.7 0.234731
5105.57 0.234798
5106.44 0.234864
5107.31 0.234931
5108.17 0.234998
5109.04 0.235064
5109.91 0.235131
5110.78 0.235197
5111.65 0.23527
5112.52 0.235358
5113.39 0.235446
5114.26 0.235534
5115.13 0.235623
5116.0 0.235711
5116.88 0.235799
5117.75 0.235888
5118.62 0.235976
5119.49 0.236064
5120.36 0.236153
5121.23 0.236241
5122.1 0.236423
5122.97 0.236633
5123.85 0.236842
5124.72 0.237051
5125.59 0.237261
5126.46 0.23747
5127.33 0.23768
5128.21 0.237889
5129.08 0.238099
5129.95 0.238308
5130.83 0.238518
5131.7 0.238737
5132.57 0.238978
5133.45 0.239219
5134.32 0.23946
5135.19 0.239701
5136.07 0.239942
5136.94 0.240183
5137.82 0.240424
5138.69 0.240666
5139.57 0.240907
5140.44 0.241148
5141.32 0.241389
5142.19 0.241487
5143.07 0.241563
5143.94 0.241639
5144.82 0.241715
5145.69 0.24179
5146.57 0.241866
5147.44 0.241942
5148.32 0.242018
5149.2 0.242093
5150.07 0.242169
5150.95 0.242245
5151.83 0.242173
5152.7 0.241917
5153.58 0.241661
5154.46 0.241405
5155.33 0.241149
5156.21 0.240893
5157.09 0.240637
5157.97 0.240381
5158.84 0.240124
5159.72 0.239868
5160.6 0.239612
5161.48 0.239344
5162.36 0.238838
5163.24 0.238333
5164.11 0.237827
5164.99 0.237322
5165.87 0.236816
5166.75 0.23631
5167.63 0.235804
5168.51 0.235298
5169.39 0.234792
5170.27 0.234286
5171.15 0.23378
5172.03 0.233304
5172.91 0.232844
5173.79 0.232383
5174.67 0.231923
5175.55 0.231462
5176.43 0.231001
5177.31 0.23054
5178.2 0.230079
5179.08 0.229618
5179.96 0.229157
5180.84 0.228696
5181.72 0.228328
5182.6 0.228164
5183.49 0.228
5184.37 0.227835
5185.25 0.227671
5186.13 0.227507
5187.01 0.227342
5187.9 0.227178
5188.78 0.227013
5189.66 0.226849
5190.55 0.226684
5191.43 0.22652
5192.31 0.226773
5193.2 0.227033
5194.08 0.227293
5194.97 0.227553
5195.85 0.227813
5196.73 0.228073
5197.62 0.228333
5198.5 0.228593
5199.39 0.228854
5200.27 0.229114
5201.16 0.229374
5202.04 0.229832
5202.93 0.230387
5203.81 0.230941
5204.7 0.231496
5205.59 0.23205
5206.47 0.232605
5207.36 0.23316
5208.24 0.233715
5209.13 0.23427
5210.02 0.234825
5210.9 0.23538
5211.79 0.235943
5212.68 0.236518
5213.56 0.237093
5214.45 0.237668
5215.34 0.238244
5216.23 0.238819
5217.12 0.239394
5218.0 0.23997
5218.89 0.240545
5219.78 0.241121
5220.67 0.241696
5221.56 0.242244
5222.44 0.242573
5223.33 0.242903
5224.22 0.243233
5225.11 0.243563
5226.0 0.243893
5226.89 0.244222
5227.78 0.244552
5228.67 0.244882
5229.56 0.245212
5230.45 0.245543
5231.34 0.245874
5232.23 0.245932
5233.12 0.245948
5234.01 0.245965
5234.9 0.245981
5235.79 0.245998
5236.68 0.246014
5237.58 0.246031
5238.47 0.246048
5239.36 0.246064
5240.25 0.246081
5241.14 0.246097
5242.03 0.245989
5242.93 0.245812
5243.82 0.245635
5244.71 0.245458
5245.6 0.245282
5246.5 0.245105
5247.39 0.244928
5248.28 0.244751
5249.18 0.244574
5250.07 0.244397
5250.96 0.24422
5251.86 0.244032
5252.75 0.243831
5253.64 0.24363
5254.54 0.243429
5255.43 0.243227
5256.33 0.243026
5257.22 0.242825
5258.12 0.242624
5259.01 0.242422
5259.91 0.242221
5260.8 0.24202
5261.7 0.241834
5262.59 0.241696
5263.49 0.241557
5264.38 0.241419
5265.28 0.24128
5266.18 0.241141
5267.07 0.241002
5267.97 0.240864
5268.87 0.240725
5269.76 0.240586
5270.66 0.240447
5271.56 0.240314
5272.45 0.240229
5273.35 0.240143
5274.25 0.240058
5275.15 0.239973
5276.04 0.239887
5276.94 0.239802
5277.84 0.239717
5278.74 0.239631
5279.64 0.239546
5280.54 0.23946
5281.43 0.239375
5282.33 0.239294
5283.23 0.239213
5284.13 0.239132
5285.03 0.239051
5285.93 0.23897
5286.83 0.238889
5287.73 0.238809
5288.63 0.238728
5289.53 0.238647
5290.43 0.238566
5291.33 0.238485
5292.23 0.238389
5293.13 0.238291
5294.03 0.238192
5294.93 0.238094
5295.83 0.237995
5296.74 0.237897
5297.64 0.237798
5298.54 0.2377
5299.44 0.237601
5300.34 0.237503
5301.24 0.237404
5302.15 0.237325
5303.05 0.237253
5303.95 0.237181
5304.85 0.237109
5305.76 0.237036
5306.66 0.236964
5307.56 0.236892
5308.47 0.23682
5309.37 0.236748
5310.27 0.236675
5311.18 0.236603
5312.08 0.23658
5312.99 0.236581
5313.89 0.236582
5314.79 0.236583
5315.7 0.236585
5316.6 0.236586
5317.51 0.236587
5318.41 0.236588
5319.32 0.236589
5320.22 0.236591
5321.13 0.236592
5322.04 0.23667
5322.94 0.236797
5323.85 0.236924
5324.75 0.237051
5325.66 0.237178
5326.57 0.237305
5327.47 0.237432
5328.38 0.237558
5329.29 0.237685
5330.19 0.237812
5331.1 0.237939
5332.01 0.238114
5332.92 0.238323
5333.82 0.238532
5334.73 0.238742
5335.64 0.238951
5336.55 0.23916
5337.46 0.23937
5338.36 0.239579
5339.27 0.239789
5340.18 0.239998
5341.09 0.240207
5342.0 0.240438
5342.91 0.240686
5343.82 0.240933
5344.73 0.24118
5345.64 0.241428
5346.55 0.241675
5347.46 0.241923
5348.37 0.242171
5349.28 0.242418
5350.19 0.242666
5351.1 0.242913
5352.01 0.243141
5352.92 0.243354
5353.83 0.243567
5354.74 0.24378
5355.65 0.243993
5356.56 0.244207
5357.48 0.24442
5358.39 0.244633
5359.3 0.244846
5360.21 0.245059
5361.12 0.245273
5362.04 0.245431
5362.95 0.245554
5363.86 0.245676
5364.77 0.245798
5365.69 0.24592
5366.6 0.246042
5367.51 0.246165
5368.43 0.246287
5369.34 0.246409
5370.26 0.246532
5371.17 0.246654
5372.08 0.246714
5373.0 0.24674
5373.91 0.246765
5374.83 0.246791
5375.74 0.246817
5376.66 0.246843
5377.57 0.246868
5378.49 0.246894
5379.4 0.24692
5380.32 0.246946
5381.23 0.246972
5382.15 0.246925
5383.07 0.246851
5383.98 0.246776
5384.9 0.246701
5385.81 0.246626
5386.73 0.246551
5387.65 0.246476
5388.56 0.246401
5389.48 0.246326
5390.4 0.246251
5391.32 0.246175
5392.23 0.246054
5393.15 0.24592
5394.07 0.245787
5394.99 0.245654
5395.91 0.24552
5396.82 0.245387
5397.74 0.245254
5398.66 0.24512
5399.58 0.244987
5400.5 0.244853
5401.42 0.24472
5402.34 0.244552
5403.26 0.244381
5404.18 0.24421
5405.1 0.244038
5406.02 0.243867
5406.94 0.243696
5407.86 0.243524
5408.78 0.243353
5409.7 0.243182
5410.62 0.24301
5411.54 0.242838
5412.46 0.242637
5413.38 0.242437
5414.3 0.242237
5415.22 0.242037
5416.15 0.241836
5417.07 0.241636
5417.99 0.241436
5418.91 0.241235
5419.83 0.241035
5420.76 0.240834
5421.68 0.240634
5422.6 0.240435
5423.52 0.240237
5424.45 0.240038
5425.37 0.23984
5426.29 0.239641
5427.22 0.239442
5428.14 0.239243
5429.07 0.239045
5429.99 0.238846
5430.91 0.238647
5431.84 0.238461
5432.76 0.238298
5433.69 0.238135
5434.61 0.237972
5435.54 0.237809
5436.46 0.237646
5437.39 0.237483
5438.31 0.23732
5439.24 0.237157
5440.16 0.236994
5441.09 0.236831
5442.02 0.236699
5442.94 0.236593
5443.87 0.236488
5444.8 0.236383
5445.72 0.236277
5446.65 0.236172
5447.58 0.236066
5448.5 0.235961
5449.43 0.235855
5450.36 0.23575
5451.29 0.235644
5452.21 0.23561
5453.14 0.235599
5454.07 0.235588
5455.0 0.235577
5455.93 0.235566
5456.85 0.235556
5457.78 0.235545
5458.71 0.235534
5459.64 0.235523
5460.57 0.235512
5461.5 0.235501
5462.43 0.235596
5463.36 0.235692
5464.29 0.235789
5465.22 0.235886
5466.15 0.235983
5467.08 0.23608
5468.01 0.236177
5468.94 0.236274
5469.87 0.236371
5470.8 0.236467
5471.73 0.236587
5472.66 0.236786
5473.6 0.236984
5474.53 0.237182
5475.46 0.23738
5476.39 0.237578
5477.32 0.237777
5478.26 0.237975
5479.19 0.238173
5480.12 0.238372
5481.05 0.23857
5481.99 0.238795
5482.92 0.239047
5483.85 0.239299
5484.79 0.239551
5485.72 0.239804
5486.65 0.240056
5487.59 0.240308
5488.52 0.240561
5489.45 0.240813
5490.39 0.241066
5491.32 0.241318
5492.26 0.241567
5493.19 0.241815
5494.13 0.242063
5495.06 0.242311
5496.0 0.242559
5496.93 0.242807
5497.87 0.243055
5498.8 0.243303
5499.74 0.243551
5500.68 0.2438
5501.61 0.244043
5502.55 0.24422
5503.49 0.244396
5504.42 0.244573
5505.36 0.24475
5506.3 0.244927
5507.23 0.245104
5508.17 0.24528
5509.11 0.245457
5510.05 0.245634
5510.98 0.245811
5511.92 0.245933
5512.86 0.24598
5513.8 0.246027
5514.74 0.246073
5515.67 0.24612
5516.61 0.246166
5517.55 0.246213
5518.49 0.24626
5519.43 0.246306
5520.37 0.246353
5521.31 0.2464
5522.25 0.246342
5523.19 0.246252
5524.13 0.246161
5525.07 0.246071
5526.01 0.245981
5526.95 0.24589
5527.89 0.2458
5528.83 0.24571
5529.77 0.245619
5530.71 0.245529
5531.66 0.245423
5532.6 0.245218
5533.54 0.245013
5534.48 0.244807
5535.42 0.244601
5536.36 0.244396
5537.31 0.24419
5538.25 0.243985
5539.19 0.243779
5540.13 0.243573
5541.08 0.243367
5542.02 0.243136
5542.96 0.24288
5543.91 0.242624
5544.85 0.242367
5545.79 0.242111
5546.74 0.241855
5547.68 0.241599
5548.63 0.241342
5549.57 0.241086
5550.51 0.24083
5551.46 0.240573
5552.4 0.240304
5553.35 0.240034
5554.29 0.239764
5555.24 0.239494
5556.19 0.239224
5557.13 0.238954
5558.08 0.238683
5559.02 0.238413
5559.97 0.238143
5560.92 0.237872
5561.86 0.237614
5562.81 0.237378
5563.75 0.237142
5564.7 0.236907
5565.65 0.236671
5566.6 0.236435
5567.54 0.2362
5568.49 0.235964
5569.44 0.235728
5570.39 0.235492
5571.33 0.235257
5572.28 0.235076
5573.23 0.234911
5574.18 0.234746
5575.13 0.234581
5576.08 0.234416
5577.03 0.234251
5577.98 0.234086
5578.93 0.233921
5579.87 0.233756
5580.82 0.233591
5581.77 0.233448
5582.72 0.233375
5583.67 0.233301
5584.62 0.233228
5585.57 0.233155
5586.53 0.233082
5587.48 0.233009
5588.43 0.232935
5589.38 0.232862
5590.33 0.232789
5591.28 0.232716
5592.23 0.232725
5593.18 0.232768
5594.14 0.232811
5595.09 0.232853
5596.04 0.232896
5596.99 0.232938
5597.95 0.232981
5598.9 0.233023
5599.85 0.233066
5600.81 0.233109
5601.76 0.233175
5602.71 0.233331
5603.67 0.233487
5604.62 0.233643
5605.57 0.233799
5606.53 0.233955
5607.48 0.234111
5608.44 0.234268
5609.39 0.234424
5610.34 0.23458
5611.3 0.234736
5612.25 0.234957
5613.21 0.235203
5614.17 0.235448
5615.12 0.235694
5616.08 0.23594
5617.03 0.236185
5617.99 0.236431
5618.94 0.236677
5619.9 0.236922
5620.86 0.237168
5621.81 0.237424
5622.77 0.237708
5623.73 0.237992
5624.68 0.238276
5625.64 0.23856
5626.6 0.238844
5627.56 0.239128
5628.51 0.239412
5629.47 0.239697
5630.43 0.239978
5631.39 0.240256
5632.35 0.240514
5633.31 0.240766
5634.27 0.241019
5635.22 0.241272
5636.18 0.241524
5637.14 0.241777
5638.1 0.24203
5639.06 0.242282
5640.02 0.242535
5640.98 0.242788
5641.94 0.243001
5642.9 0.243151
5643.86 0.243301
5644.82 0.243452
5645.78 0.243602
5646.74 0.243753
5647.7 0.243903
5648.67 0.244053
5649.63 0.244204
5650.59 0.244354
5651.55 0.244505
5652.51 0.244517
5653.47 0.244526
5654.44 0.244535
5655.4 0.244545
5656.36 0.244554
5657.32 0.244564
5658.29 0.244573
5659.25 0.244582
5660.21 0.244592
5661.18 0.244601
5662.14 0.244537
5663.1 0.244423
5664.07 0.244309
5665.03 0.244194
5666.0 0.24408
5666.96 0.243965
5667.92 0.243851
5668.89 0.243737
5669.85 0.243622
5670.82 0.243508
5671.78 0.243373
5672.75 0.243166
5673.71 0.242959
5674.68 0.242752
5675.65 0.242545
5676.61 0.242337
5677.58 0.24213
5678.54 0.241923
5679.51 0.241716
5680.48 0.241509
5681.44 0.241301
5682.41 0.241078
5683.38 0.240852
5684.35 0.240626
5685.31 0.2404
5686.28 0.240175
5687.25 0.239949
5688.22 0.239723
5689.19 0.239497
5690.15 0.239271
5691.12 0.239045
5692.09 0.238835
5693.06 0.23864
5694.03 0.238444
5695.0 0.238249
5695.97 0.238053
5696.94 0.237858
5697.91 0.237662
5698.88 0.237466
5699.85 0.237271
5700.82 0.237075
5701.79 0.236892
5702.76 0.236753
5703.73 0.236614
5704.7 0.236476
5705.67 0.236337
5706.64 0.236198
5707.61 0.23606
5708.58 0.235921
5709.55 0.235782
5710.53 0.235643
5711.5 0.235505
5712.47 0.235413
5713.44 0.235326
5714.41 0.235239
5715.39 0.235153
5716.36 0.235066
5717.33 0.234979
5718.31 0.234892
5719.28 0.234806
5720.25 0.234719
5721.23 0.234632
5722.2 0.234564
5723.17 0.234508
5724.15 0.234452
5725.12 0.234395
5726.1 0.234339
5727.07 0.234283
5728.04 0.234226
5729.02 0.23417
5730.0 0.234114
5730.97 0.234057
5731.95 0.234011
5732.92 0.233981
5733.9 0.233951
5734.87 0.233921
5735.85 0.233891
5736.83 0.233861
5737.8 0.233831
5738.78 0.233801
5739.75 0.233772
5740.73 0.233742
5741.71 0.233715
5742.69 0.233709
5743.66 0.233703
5744.64 0.233697
5745.62 0.233691
5746.6 0.233685
5747.57 0.233679
5748.55 0.233673
5749.53 0.233667
5750.51 0.233661
5751.49 0.233655
5752.47 0.233681
5753.45 0.233711
5754.43 0.233742
5755.4 0.233772
5756.38 0.233802
5757.36 0.233832
5758.34 0.233862
5759.32 0.233892
5760.3 0.233922
5761.28 0.233952
5762.27 0.234022
5763.25 0.234111
5764.23 0.2342
5765.21 0.234289
5766.19 0.234378
5767.17 0.234466
5768.15 0.234555
5769.13 0.234644
5770.12 0.234733
5771.1 0.234822
5772.08 0.234947
5773.06 0.235111
5774.04 0.235275
5775.03 0.235438
5776.01 0.235602
5776.99 0.235766
5777.98 0.23593
5778.96 0.236094
5779.94 0.236258
5780.93 0.236422
5781.91 0.236604
5782.9 0.236825
5783.88 0.237047
5784.86 0.237269
5785.85 0.237491
5786.83 0.237712
5787.82 0.237934
5788.8 0.238156
5789.79 0.238378
5790.77 0.2386
5791.76 0.238823
5792.75 0.239054
5793.73 0.239285
5794.72 0.239515
5795.7 0.239746
5796.69 0.239977
5797.68 0.240208
5798.66 0.240439
5799.65 0.24067
5800.64 0.240901
5801.62 0.241131
5802.61 0.241305
5803.6 0.241478
5804.59 0.241652
5805.57 0.241826
5806.56 0.242
5807.55 0.242174
5808.54 0.242348
5809.53 0.242521
5810.52 0.242695
5811.51 0.242869
5812.49 0.242932
5813.48 0.242981
5814.47 0.24303
5815.46 0.243079
5816.45 0.243129
5817.44 0.243178
5818.43 0.243227
5819.42 0.243276
5820.41 0.243326
5821.4 0.243375
5822.4 0.243297
5823.39 0.243184
5824.38 0.243071
5825.37 0.242958
5826.36 0.242845
5827.35 0.242732
5828.34 0.24262
5829.34 0.242507
5830.33 0.242395
5831.32 0.242286
5832.31 0.242075
5833.3 0.24182
5834.3 0.241566
5835.29 0.241311
5836.28 0.241056
5837.28 0.240802
5838.27 0.240547
5839.26 0.240292
5840.26 0.240038
5841.25 0.239783
5842.25 0.239481
5843.24 0.239151
5844.23 0.238821
5845.23 0.238492
5846.22 0.238162
5847.22 0.237832
5848.21 0.237502
5849.21 0.237172
5850.21 0.236842
5851.2 0.236512
5852.2 0.23619
5853.19 0.235873
5854.19 0.235556
5855.19 0.235239
5856.18 0.234922
5857.18 0.234606
5858.18 0.234289
5859.17 0.233972
5860.17 0.233655
5861.17 0.233338
5862.17 0.233063
5863.16 0.232824
5864.16 0.232585
5865.16 0.232346
5866.16 0.232106
5867.15 0.231867
5868.15 0.231628
5869.15 0.231389
5870.15 0.23115
5871.15 0.23091
5872.15 0.230734
5873.15 0.230615
5874.15 0.230496
5875.15 0.230377
5876.15 0.230258
5877.15 0.230139
5878.15 0.23002
5879.15 0.229901
5880.15 0.229782
5881.15 0.229663
5882.15 0.22961
5883.15 0.229619
5884.15 0.229628
5885.16 0.229637
5886.16 0.229645
5887.16 0.229654
5888.16 0.229663
5889.16 0.229672
5890.17 0.229681
5891.17 0.22969
5892.17 0.229744
5893.17 0.229837
5894.18 0.22993
5895.18 0.230024
5896.18 0.230117
5897.19 0.23021
5898.19 0.230304
5899.19 0.230397
5900.2 0.23049
5901.2 0.230584
5902.21 0.230711
5903.21 0.230864
5904.22 0.231017
5905.22 0.23117
5906.23 0.231323
5907.23 0.231476
5908.24 0.231629
5909.24 0.231782
5910.25 0.231935
5911.25 0.232088
5912.26 0.232252
5913.27 0.232422
5914.27 0.232592
5915.28 0.232763
5916.29 0.232933
5917.29 0.233104
5918.3 0.233274
5919.31 0.233444
5920.31 0.233615
5921.32 0.233785
5922.33 0.233946
5923.34 0.234102
5924.35 0.234258
5925.35 0.234414
5926.36 0.23457
5927.37 0.234726
5928.38 0.234882
5929.39 0.235038
5930.4 0.235194
5931.41 0.235351
5932.42 0.235495
5933.43 0.235635
5934.44 0.235776
5935.45 0.235916
5936.46 0.236057
5937.47 0.236198
5938.48 0.236338
5939.49 0.236479
5940.5 0.23662
5941.51 0.23676
5942.52 0.236888
5943.53 0.237013
5944.54 0.237139
5945.56 0.237265
5946.57 0.23739
5947.58 0.237516
5948.59 0.237642
5949.6 0.237767
5950.62 0.237893
5951.63 0.238019
5952.64 0.238136
5953.66 0.238253
5954.67 0.238371
5955.68 0.238488
5956.7 0.238605
5957.71 0.238722
5958.72 0.238839
5959.74 0.238957
5960.75 0.239074
5961.77 0.239191
5962.78 0.239308
5963.8 0.239425
5964.81 0.239542
5965.83 0.239658
5966.84 0.239775
5967.86 0.239892
5968.87 0.240009
5969.89 0.240125
5970.91 0.240242
5971.92 0.240354
5972.94 0.24045
5973.96 0.240546
5974.97 0.240642
5975.99 0.240738
5977.01 0.240834
5978.02 0.24093
5979.04 0.241026
5980.06 0.241122
5981.08 0.241218
5982.09 0.241293
5983.11 0.241338
5984.13 0.241384
5985.15 0.241429
5986.17 0.241475
5987.19 0.24152
5988.2 0.241566
5989.22 0.241611
5990.24 0.241657
5991.26 0.241702
5992.28 0.241703
5993.3 0.241677
5994.32 0.24165
5995.34 0.241623
5996.36 0.241596
5997.38 0.24157
5998.4 0.241543
5999.43 0.241516
6000.45 0.241497
6001.47 0.241489
6002.49 0.241407
6003.51 0.241309
6004.53 0.24121
6005.55 0.241111
6006.58 0.241012
6007.6 0.240913
6008.62 0.240814
6009.64 0.240715
6010.67 0.240616
6011.69 0.240514
6012.71 0.240321
6013.74 0.240127
6014.76 0.239933
6015.78 0.23974
6016.81 0.239546
6017.83 0.239352
6018.86 0.239158
6019.88 0.238964
6020.9 0.23877
6021.93 0.238561
6022.95 0.238306
6023.98 0.238052
6025.0 0.237797
6026.03 0.237543
6027.06 0.237288
6028.08 0.237033
6029.11 0.236778
6030.13 0.236523
6031.16 0.236266
6032.19 0.236008
6033.21 0.235752
6034.24 0.235494
6035.27 0.235238
6036.29 0.234981
6037.32 0.234723
6038.35 0.234466
6039.38 0.234209
6040.4 0.233952
6041.43 0.233695
6042.46 0.233482
6043.49 0.233283
6044.52 0.233084
6045.55 0.232885
6046.58 0.232686
6047.6 0.232487
6048.63 0.232288
6049.66 0.232089
6050.69 0.23189
6051.72 0.231695
6052.75 0.231592
6053.78 0.231488
6054.81 0.231385
6055.84 0.231281
6056.87 0.231178
6057.91 0.231074
6058.94 0.230971
6059.97 0.230867
6061.0 0.230764
6062.03 0.230703
6063.06 0.230726
6064.09 0.230749
6065.13 0.230772
6066.16 0.230795
6067.19 0.230818
6068.22 0.230841
6069.26 0.230864
6070.29 0.230887
6071.32 0.23091
6072.36 0.231003
6073.39 0.231132
6074.42 0.231262
6075.46 0.231391
6076.49 0.23152
6077.52 0.23165
6078.56 0.231779
6079.59 0.231909
6080.63 0.232038
6081.66 0.232168
6082.7 0.232357
6083.73 0.232547
6084.77 0.232738
6085.8 0.232929
6086.84 0.233119
6087.88 0.23331
6088.91 0.2335
6089.95 0.233691
6090.99 0.233882
6092.02 0.234072
6093.06 0.234261
6094.1 0.234449
6095.13 0.234638
6096.17 0.234826
6097.21 0.235015
6098.25 0.235204
6099.28 0.235393
6100.32 0.235581
6101.36 0.23577
6102.4 0.235923
6103.44 0.236058
6104.48 0.236194
6105.51 0.236329
6106.55 0.236464
6107.59 0.2366
6108.63 0.236736
6109.67 0.236871
6110.71 0.237007
6111.75 0.237138
6112.79 0.237199
6113.83 0.23726
6114.87 0.237322
6115.91 0.237383
6116.95 0.237444
6118.0 0.237505
6119.04 0.237566
6120.08 0.237627
6121.12 0.237688
6122.16 0.237727
6123.2 0.237739
6124.25 0.23775
6125.29 0.237761
6126.33 0.237772
6127.37 0.237784
6128.42 0.237795
6129.46 0.237806
6130.5 0.237818
6131.55 0.237829
6132.59 0.237827
6133.63 0.237823
6134.68 0.237819
6135.72 0.237816
6136.77 0.237812
6137.81 0.237808
6138.85 0.237804
6139.9 0.2378
6140.94 0.237796
6141.99 0.237805
6143.04 0.237848
6144.08 0.237891
6145.13 0.237934
6146.17 0.237977
6147.22 0.23802
6148.26 0.238063
6149.31 0.238106
6150.36 0.238149
6151.4 0.238192
6152.45 0.23828
6153.5 0.238386
6154.55 0.238492
6155.59 0.238598
6156.64 0.238704
6157.69 0.23881
6158.74 0.238916
6159.78 0.239022
6160.83 0.239128
6161.88 0.239243
6162.93 0.239398
6163.98 0.239553
6165.03 0.239708
6166.08 0.239863
6167.13 0.240018
6168.18 0.240173
6169.23 0.240328
6170.28 0.240483
6171.33 0.240638
6172.38 0.240795
6173.43 0.240953
6174.48 0.24111
6175.53 0.241268
6176.58 0.241426
6177.63 0.241583
6178.68 0.241741
6179.73 0.241899
6180.79 0.242057
6181.84 0.242204
6182.89 0.24227
6183.94 0.242336
6184.99 0.242402
6186.05 0.242468
6187.1 0.242535
6188.15 0.242601
6189.21 0.242667
6190.26 0.242733
6191.31 0.2428
6192.37 0.242777
6193.42 0.2427
6194.48 0.242622
6195.53 0.242545
6196.58 0.242468
6197.64 0.24239
6198.69 0.242313
6199.75 0.242236
6200.8 0.242158
6201.86 0.242057
6202.91 0.241803
6203.97 0.241549
6205.03 0.241295
6206.08 0.24104
6207.14 0.240786
6208.2 0.240532
6209.25 0.240277
6210.31 0.240023
6211.37 0.239768
6212.42 0.23943
6213.48 0.239049
6214.54 0.238667
6215.6 0.238286
6216.65 0.237905
6217.71 0.237523
6218.77 0.237142
6219.83 0.23676
6220.89 0.236378
6221.94 0.235989
6223.0 0.235573
6224.06 0.235156
6225.12 0.23474
6226.18 0.234323
6227.24 0.233907
6228.3 0.23349
6229.36 0.233073
6230.42 0.232657
6231.48 0.232241
6232.54 0.231884
6233.6 0.231543
6234.66 0.231203
6235.73 0.230862
6236.79 0.230522
6237.85 0.230181
6238.91 0.22984
6239.97 0.229499
6241.03 0.229158
6242.1 0.228862
6243.16 0.22865
6244.22 0.228437
6245.28 0.228225
6246.35 0.228013
6247.41 0.2278
6248.47 0.227588
6249.54 0.227375
6250.6 0.227163
6251.66 0.22695
6252.73 0.226914
6253.79 0.22689
6254.86 0.226866
6255.92 0.226842
6256.99 0.226818
6258.05 0.226793
6259.12 0.226769
6260.18 0.226745
6261.25 0.226721
6262.31 0.226799
6263.38 0.226965
6264.44 0.22713
6265.51 0.227295
6266.58 0.22746
6267.64 0.227626
6268.71 0.227791
6269.78 0.227956
6270.84 0.228122
6271.91 0.22831
6272.98 0.228612
6274.05 0.228913
6275.11 0.229215
6276.18 0.229517
6277.25 0.229819
6278.32 0.230121
6279.39 0.230423
6280.46 0.230725
6281.52 0.231027
6282.59 0.23139
6283.66 0.231767
6284.73 0.232144
6285.8 0.232521
6286.87 0.232898
6287.94 0.233276
6289.01 0.233653
6290.08 0.234031
6291.15 0.234409
6292.22 0.23478
6293.29 0.235144
6294.37 0.235508
6295.44 0.235871
6296.51 0.236235
6297.58 0.236599
6298.65 0.236963
6299.72 0.237328
6300.8 0.237692
6301.87 0.238049
6302.94 0.238351
6304.01 0.238653
6305.09 0.238955
6306.16 0.239257
6307.23 0.239559
6308.31 0.239861
6309.38 0.240164
6310.45 0.240466
6311.53 0.240768
6312.6 0.240976
6313.68 0.24116
6314.75 0.241344
6315.83 0.241528
6316.9 0.241712
6317.98 0.241896
6319.05 0.24208
6320.13 0.242264
6321.2 0.242449
6322.28 0.242583
6323.35 0.242666
6324.43 0.242749
6325.51 0.242832
6326.58 0.242915
6327.66 0.242998
6328.74 0.243081
6329.81 0.243165
6330.89 0.243248
6331.97 0.243315
6333.05 0.243321
6334.12 0.243326
6335.2 0.243332
6336.28 0.243337
6337.36 0.243343
6338.44 0.243348
6339.52 0.243354
6340.6 0.243359
6341.67 0.243365
6342.75 0.243357
6343.83 0.243348
6344.91 0.243339
6345.99 0.24333
6347.07 0.243321
6348.15 0.243313
6349.23 0.243304
6350.31 0.243295
6351.4 0.243286
6352.48 0.243293
6353.56 0.243308
6354.64 0.243323
6355.72 0.243338
6356.8 0.243353
6357.88 0.243368
6358.97 0.243383
6360.05 0.243398
6361.13 0.243413
6362.21 0.243437
6363.3 0.243475
6364.38 0.243513
6365.46 0.243551
6366.55 0.243589
6367.63 0.243627
6368.71 0.243665
6369.8 0.243703
6370.88 0.243741
6371.97 0.243781
6373.05 0.243831
6374.13 0.24388
6375.22 0.24393
6376.3 0.24398
6377.39 0.244029
6378.48 0.244079
6379.56 0.244129
6380.65 0.244178
6381.73 0.244228
6382.82 0.244258
6383.91 0.244289
6384.99 0.244319
6386.08 0.244349
6387.17 0.244379
6388.25 0.244409
6389.34 0.244439
6390.43 0.244469
6391.51 0.244499
6392.6 0.244458
6393.69 0.244395
6394.78 0.244332
6395.87 0.244269
6396.96 0.244205
6398.04 0.244142
6399.13 0.244079
6400.22 0.244016
6401.31 0.243953
6402.4 0.243825
6403.49 0.243652
6404.58 0.243478
6405.67 0.243305
6406.76 0.243131
6407.85 0.242957
6408.94 0.242783
6410.03 0.242609
6411.12 0.242435
6412.21 0.242218
6413.31 0.241938
6414.4 0.241659
6415.49 0.241379
6416.58 0.241099
6417.67 0.240819
6418.77 0.240538
6419.86 0.240258
6420.95 0.239978
6422.04 0.239679
6423.14 0.239325
6424.23 0.23897
6425.32 0.238615
6426.42 0.238261
6427.51 0.237906
6428.6 0.237551
6429.7 0.237196
6430.79 0.236837
6431.89 0.236477
6432.98 0.23612
6434.08 0.235763
6435.17 0.235405
6436.27 0.235048
6437.36 0.23469
6438.46 0.234332
6439.55 0.233975
6440.65 0.233617
6441.75 0.233258
6442.84 0.232972
6443.94 0.232688
6445.04 0.232403
6446.13 0.232119
6447.23 0.231834
6448.33 0.23155
6449.42 0.231265
6450.52 0.230981
6451.62 0.230696
6452.72 0.230523
6453.82 0.230371
6454.91 0.230218
6456.01 0.230066
6457.11 0.229913
6458.21 0.22976
6459.31 0.229607
6460.41 0.229454
6461.51 0.229301
6462.61 0.229285
6463.71 0.229315
6464.81 0.229345
6465.91 0.229375
6467.01 0.229404
6468.11 0.229434
6469.21 0.229464
6470.31 0.229494
6471.41 0.229523
6472.51 0.229653
6473.62 0.229834
6474.72 0.230016
6475.82 0.230197
6476.92 0.230378
6478.02 0.23056
6479.13 0.230741
6480.23 0.230923
6481.33 0.231104
6482.44 0.231347
6483.54 0.231632
6484.64 0.231918
6485.75 0.232204
6486.85 0.232491
6487.95 0.232777
6489.06 0.233063
6490.16 0.233349
6491.27 0.233635
6492.37 0.233948
6493.48 0.234286
6494.58 0.234624
6495.69 0.234962
6496.79 0.235301
6497.9 0.235639
6499.0 0.235977
6500.11 0.236312
6501.22 0.236607
6502.32 0.236896
6503.43 0.237175
6504.54 0.237455
6505.64 0.237735
6506.75 0.238015
6507.86 0.238295
6508.97 0.238574
6510.07 0.238854
6511.18 0.239133
6512.29 0.239376
6513.4 0.239574
6514.51 0.239772
6515.62 0.23997
6516.72 0.240168
6517.83 0.240366
6518.94 0.240563
6520.05 0.240761
6521.16 0.240959
6522.27 0.241121
6523.38 0.241235
6524.49 0.241349
6525.6 0.241464
6526.71 0.241578
6527.82 0.241692
6528.94 0.241806
6530.05 0.241921
6531.16 0.242034
6532.27 0.242117
6533.38 0.242156
6534.49 0.242195
6535.61 0.242234
6536.72 0.242273
6537.83 0.242312
6538.94 0.242351
6540.06 0.24239
6541.17 0.242428
6542.28 0.242442
6543.4 0.242421
6544.51 0.242401
6545.62 0.242381
6546.74 0.24236
6547.85 0.24234
6548.97 0.242319
6550.08 0.242299
6551.2 0.242278
6552.31 0.242245
6553.43 0.242196
6554.54 0.242148
6555.66 0.242099
6556.77 0.242051
6557.89 0.242002
6559.0 0.241953
6560.12 0.241905
6561.24 0.241856
6562.35 0.241802
6563.47 0.241744
6564.59 0.241685
6565.71 0.241627
6566.82 0.241568
6567.94 0.24151
6569.06 0.241451
6570.18 0.241393
6571.29 0.241334
6572.41 0.241273
6573.53 0.24121
6574.65 0.241148
6575.77 0.241085
6576.89 0.241023
6578.01 0.24096
6579.13 0.240898
6580.25 0.240835
6581.37 0.240772
6582.49 0.240694
6583.61 0.240604
6584.73 0.240515
6585.85 0.240425
6586.97 0.240336
6588.09 0.240247
6589.21 0.240157
6590.33 0.240068
6591.46 0.239978
6592.58 0.239872
6593.7 0.239757
6594.82 0.239643
6595.94 0.239529
6597.07 0.239415
6598.19 0.2393
6599.31 0.239186
6600.44 0.239072
6601.56 0.238957
6602.68 0.238823
6603.81 0.238682
6604.93 0.238541
6606.05 0.238401
6607.18 0.23826
6608.3 0.238119
6609.43 0.237979
6610.55 0.237838
6611.68 0.237697
6612.8 0.23755
6613.93 0.237401
6615.05 0.237253
6616.18 0.237104
6617.31 0.236956
6618.43 0.236807
6619.56 0.236659
6620.69 0.23651
6621.81 0.236362
6622.94 0.236229
6624.07 0.236096
6625.19 0.235964
6626.32 0.235831
6627.45 0.235699
6628.58 0.235566
6629.7 0.235434
6630.83 0.235294
6631.96 0.235154
6633.09 0.235043
6634.22 0.234932
6635.35 0.234822
6636.48 0.234711
6637.61 0.2346
6638.74 0.234489
6639.87 0.234378
6641.0 0.234267
6642.13 0.234166
6643.26 0.234092
6644.39 0.234018
6645.52 0.233944
6646.65 0.23387
6647.78 0.233796
6648.91 0.233722
6650.04 0.233648
6651.18 0.233574
6652.31 0.233506
6653.44 0.233446
6654.57 0.233386
6655.71 0.233326
6656.84 0.233266
6657.97 0.233206
6659.1 0.233146
6660.24 0.233086
6661.37 0.233026
6662.5 0.23295
6663.64 0.232863
6664.77 0.232775
6665.91 0.232688
6667.04 0.232601
6668.18 0.232513
6669.31 0.232426
6670.45 0.232339
6671.58 0.232251
6672.72 0.232119
6673.85 0.231972
6674.99 0.231826
6676.12 0.23168
6677.26 0.231534
6678.4 0.231387
6679.53 0.231241
6680.67 0.231095
6681.81 0.230949
6682.95 0.230776
6684.08 0.230603
6685.22 0.23043
6686.36 0.230257
6687.5 0.230084
6688.63 0.229911
6689.77 0.229738
6690.91 0.229565
6692.05 0.229386
6693.19 0.229179
6694.33 0.228971
6695.47 0.228763
6696.61 0.228556
6697.75 0.228348
6698.89 0.228141
6700.03 0.227933
6701.17 0.227726
6702.31 0.227527
6703.45 0.227341
6704.59 0.227155
6705.73 0.226969
6706.87 0.226783
6708.01 0.226598
6709.15 0.226412
6710.3 0.226226
6711.44 0.22604
6712.58 0.225886
6713.72 0.225751
6714.87 0.225615
6716.01 0.22548
6717.15 0.225345
6718.29 0.225209
6719.44 0.225074
6720.58 0.224938
6721.73 0.224803
6722.87 0.224746
6724.01 0.2247
6725.16 0.224653
6726.3 0.224607
6727.45 0.224561
6728.59 0.224514
6729.74 0.224468
6730.88 0.224421
6732.03 0.224388
6733.17 0.224436
6734.32 0.224483
6735.47 0.22453
6736.61 0.224578
6737.76 0.224625
6738.91 0.224672
6740.05 0.224719
6741.2 0.224766
6742.35 0.224844
6743.5 0.224962
6744.64 0.225081
6745.79 0.225199
6746.94 0.225318
6748.09 0.225436
6749.24 0.225555
6750.38 0.225673
6751.53 0.225791
6752.68 0.225938
6753.83 0.226096
6754.98 0.226254
6756.13 0.226412
6757.28 0.22657
6758.43 0.226728
6759.58 0.226885
6760.73 0.227043
6761.88 0.2272
6763.03 0.22734
6764.18 0.22748
6765.34 0.227619
6766.49 0.227758
6767.64 0.227898
6768.79 0.228037
6769.94 0.228176
6771.09 0.228315
6772.25 0.228441
6773.4 0.22854
6774.55 0.228639
6775.71 0.228738
6776.86 0.228836
6778.01 0.228935
6779.17 0.229034
6780.32 0.229132
6781.47 0.229231
6782.63 0.22929
6783.78 0.229328
6784.94 0.229366
6786.09 0.229405
6787.25 0.229443
6788.4 0.229481
6789.56 0.229519
6790.71 0.229557
6791.87 0.229595
6793.02 0.229589
6794.18 0.229582
6795.34 0.229575
6796.49 0.229568
6797.65 0.229561
6798.81 0.229554
6799.96 0.229547
6801.12 0.22954
6802.28 0.229521
6803.44 0.229481
6804.59 0.229441
6805.75 0.229401
6806.91 0.229361
6808.07 0.229321
6809.23 0.229282
6810.39 0.229241
6811.55 0.229202
6812.71 0.22915
6813.86 0.229093
6815.02 0.229037
6816.18 0.228981
6817.34 0.228924
6818.5 0.228868
6819.67 0.228811
6820.83 0.228755
6821.99 0.228698
6823.15 0.228637
6824.31 0.228577
6825.47 0.228516
6826.63 0.228455
6827.79 0.228394
6828.96 0.228334
6830.12 0.228274
6831.28 0.228219
6832.44 0.228155
6833.61 0.228079
6834.77 0.228004
6835.93 0.227929
6837.1 0.227854
6838.26 0.227779
6839.42 0.227704
6840.59 0.227629
6841.75 0.227554
6842.92 0.227478
6844.08 0.227402
6845.25 0.227326
6846.41 0.22725
6847.58 0.227175
6848.74 0.227099
6849.91 0.227023
6851.07 0.226947
6852.24 0.22687
6853.41 0.226791
6854.57 0.226711
6855.74 0.226632
6856.91 0.226553
6858.07 0.226473
6859.24 0.226394
6860.41 0.226314
6861.57 0.226235
6862.74 0.22617
6863.91 0.22611
6865.08 0.22605
6866.25 0.22599
6867.42 0.22593
6868.58 0.22587
6869.75 0.22581
6870.92 0.22575
6872.09 0.225691
6873.26 0.225636
6874.43 0.225582
6875.6 0.225528
6876.77 0.225473
6877.94 0.225419
6879.11 0.225364
6880.28 0.22531
6881.45 0.225255
6882.63 0.225224
6883.8 0.225208
6884.97 0.225192
6886.14 0.225175
6887.31 0.225159
6888.48 0.225142
6889.66 0.225126
6890.83 0.22511
6892.0 0.225091
6893.18 0.225051
6894.35 0.225011
6895.52 0.224972
6896.7 0.224932
6897.87 0.224892
6899.04 0.224852
6900.22 0.224812
6901.39 0.224772
6902.57 0.224697
6903.74 0.224594
6904.92 0.224491
6906.09 0.224389
6907.27 0.224286
6908.44 0.224183
6909.62 0.22408
6910.79 0.223978
6911.97 0.223869
6913.15 0.22366
6914.32 0.22345
6915.5 0.223241
6916.68 0.223032
6917.85 0.222822
6919.03 0.222613
6920.21 0.222404
6921.39 0.222195
6922.57 0.221896
6923.74 0.221526
6924.92 0.221155
6926.1 0.220785
6927.28 0.220415
6928.46 0.220045
6929.64 0.219676
6930.82 0.219306
6932.0 0.21893
6933.18 0.218472
6934.36 0.218014
6935.54 0.217557
6936.72 0.2171
6937.9 0.216643
6939.08 0.216186
6940.26 0.215729
6941.44 0.215272
6942.62 0.214794
6943.8 0.214303
6944.99 0.213811
6946.17 0.21332
6947.35 0.212829
6948.53 0.212339
6949.71 0.211848
6950.9 0.211357
6952.08 0.210879
6953.26 0.210478
6954.45 0.210077
6955.63 0.209676
6956.81 0.209275
6958.0 0.208874
6959.18 0.208474
6960.37 0.208073
6961.55 0.207673
6962.74 0.207398
6963.92 0.207179
6965.11 0.20696
6966.29 0.206742
6967.48 0.206524
6968.66 0.206305
6969.85 0.206087
6971.04 0.205869
6972.22 0.205711
6973.41 0.205734
6974.6 0.205756
6975.78 0.205778
6976.97 0.2058
6978.16 0.205822
6979.35 0.205844
6980.53 0.205866
6981.72 0.205888
6982.91 0.20607
6984.1 0.206284
6985.29 0.206499
6986.48 0.206713
6987.66 0.206928
6988.85 0.207142
6990.04 0.207356
6991.23 0.20757
6992.42 0.207845
6993.61 0.208206
6994.8 0.208566
6995.99 0.208926
6997.18 0.209286
6998.38 0.209646
6999.57 0.210005
7000.76 0.210348
7001.95 0.210679
7003.14 0.211012
7004.33 0.211344
7005.52 0.211675
7006.72 0.212007
7007.91 0.212339
7009.1 0.21267
7010.3 0.213
7011.49 0.213331
7012.68 0.213596
7013.88 0.213821
7015.07 0.214045
7016.26 0.21427
7017.46 0.214495
7018.65 0.214719
7019.85 0.214943
7021.04 0.215167
7022.24 0.215354
7023.43 0.215428
7024.63 0.215502
7025.82 0.215577
7027.02 0.215651
7028.21 0.215725
7029.41 0.215799
7030.61 0.215869
7031.8 0.215933
7033.0 0.215912
7034.2 0.215879
7035.39 0.215846
7036.59 0.215813
7037.79 0.21578
7038.99 0.215747
7040.18 0.215715
7041.38 0.215682
7042.58 0.215564
7043.78 0.215371
7044.98 0.215179
7046.18 0.214987
7047.38 0.214794
7048.58 0.214602
7049.78 0.21441
7050.98 0.214218
7052.18 0.213924
7053.38 0.213206
7054.58 0.212489
7055.78 0.211772
7056.98 0.211055
7058.18 0.210338
7059.38 0.209622
7060.58 0.208907
7061.78 0.208191
7062.99 0.206388
7064.19 0.204415
7065.39 0.202442
7066.59 0.200473
7067.79 0.198503
7069.0 0.196534
7070.2 0.194567
7071.4 0.192601
7072.61 0.189683
7073.81 0.18598
7075.02 0.182278
7076.22 0.178579
7077.42 0.174883
7078.63 0.171188
7079.83 0.167497
7081.04 0.163806
7082.24 0.159852
7083.45 0.155059
7084.65 0.150269
7085.86 0.145482
7087.07 0.140698
7088.27 0.135921
7089.48 0.131143
7090.69 0.126369
7091.89 0.121598
7093.1 0.117051
7094.31 0.11252
7095.51 0.10799
7096.72 0.103463
7097.93 0.0989394
7099.14 0.0944194
7100.35 0.089905
7101.55 0.0853906
7102.76 0.0816229
7103.97 0.078233
7105.18 0.0748431
7106.39 0.071456
7107.6 0.0680717
7108.81 0.0646902
7110.02 0.0613101
7111.23 0.0579341
7112.44 0.0550063
7113.65 0.0527648
7114.86 0.0505243
7116.07 0.0482857
7117.28 0.046048
7118.49 0.043812
7119.71 0.041578
7120.92 0.0393449
7122.13 0.0372267
7123.34 0.0358151
7124.55 0.0344047
7125.77 0.0329954
7126.98 0.0315868
7128.19 0.0301793
7129.41 0.0287724
7130.62 0.0273666
7131.83 0.0259615
7133.05 0.0250069
7134.26 0.024108
7135.47 0.0232094
7136.69 0.0223115
7137.9 0.021414
7139.12 0.0205173
7140.33 0.0196209
7141.55 0.0187253
7142.76 0.0180242
7143.98 0.0174258
7145.2 0.0168276
7146.41 0.0162296
7147.63 0.0156322
7148.84 0.0150353
7150.06 0.0144386
7151.28 0.0138421
7152.5 0.0133205
7153.71 0.0128967
7154.93 0.0124736
7156.15 0.0120505
7157.37 0.0116277
7158.58 0.0112052
7159.8 0.0107828
7161.02 0.0103608
7162.24 0.00996194
7163.46 0.0096453
7164.68 0.00932867
7165.9 0.00901256
7167.12 0.00869658
7168.34 0.00838061
7169.56 0.0080649
7170.78 0.00774945
7172.0 0.00743549
7173.22 0.00719167
7174.44 0.00694794
7175.66 0.00670443
7176.88 0.0064612
7178.1 0.00621809
7179.32 0.00597498
7180.55 0.00573217
7181.77 0.00548947
7182.99 0.00529138
7184.21 0.00510274
7185.44 0.00491425
7186.66 0.00472585
7187.88 0.00453775
7189.1 0.00434958
7190.33 0.00416157
7191.55 0.00397372
7192.78 0.00381511
7194.0 0.0036724
7195.23 0.00352976
7196.45 0.00338723
7197.67 0.00324477
7198.9 0.00310253
7200.12 0.00296025
7201.35 0.00281809
7202.58 0.00269503
7203.8 0.0025924
7205.03 0.00248985
7206.25 0.00238739
7207.48 0.00228497
7208.71 0.0021826
7209.93 0.00208039
7211.16 0.00197819
7212.39 0.00188627
7213.62 0.00181554
7214.84 0.00174484
7216.07 0.0016742
7217.3 0.00160361
7218.53 0.00153306
7219.76 0.00146257
7220.98 0.00139217
7222.21 0.00132584
7223.44 0.00127796
7224.67 0.00123009
7225.9 0.00118227
7227.13 0.00113447
7228.36 0.00108668
7229.59 0.00103896
7230.82 0.000991229
7232.05 0.000944288
7233.28 0.000911777
7234.52 0.000879283
7235.75 0.00084682
7236.98 0.000814387
7238.21 0.000781971
7239.44 0.000749586
7240.67 0.000717231
7241.91 0.000684894
7243.14 0.000662019
7244.37 0.000639875
7245.6 0.000617751
7246.84 0.000595639
7248.07 0.000573549
7249.31 0.00055147
7250.54 0.000529412
7251.77 0.000507374
7253.01 0.000491735
7254.24 0.00047754
7255.48 0.000463346
7256.71 0.000449166
7257.95 0.000434999
7259.18 0.00042084
7260.42 0.000406689
7261.65 0.000392551
7262.89 0.000380749
7264.12 0.000369861
7265.36 0.000358993
7266.6 0.000348123
7267.83 0.000337262
7269.07 0.000326411
7270.31 0.000315567
7271.55 0.000304729
7272.78 0.000296404
7274.02 0.000289549
7275.26 0.000282699
7276.5 0.000275857
7277.74 0.00026902
7278.97 0.000262186
7280.21 0.000255358
7281.45 0.000248534
7282.69 0.000242441
7283.93 0.000236935
7285.17 0.000231434
7286.41 0.000225939
7287.65 0.000220449
7288.89 0.000214962
7290.13 0.000209477
7291.37 0.000203998
7292.61 0.000198846
7293.85 0.000194039
7295.1 0.000189234
7296.34 0.000184434
7297.58 0.000179638
7298.82 0.000174849
7300.06 0.000170061
7301.31 0.000165275
7302.55 0.000161116
7303.79 0.000157776
7305.03 0.000154439
7306.28 0.000151105
7307.52 0.000147773
7308.77 0.000144444
7310.01 0.000141119
7311.25 0.000137795
7312.5 0.000134627
7313.74 0.000131702
7314.99 0.000128778
7316.23 0.000125857
7317.48 0.000122938
7318.72 0.000120021
7319.97 0.000117107
7321.21 0.000114197
7322.46 0.000111634
7323.71 0.000109698
7324.95 0.000107764
7326.2 0.000105832
7327.45 0.000103901
7328.69 0.000101972
7329.94 0.000100044
7331.19 9.81179e-05
7332.44 9.62762e-05
7333.68 9.45985e-05
7334.93 9.29223e-05
7336.18 9.1247e-05
7337.43 8.95734e-05
7338.68 8.79006e-05
7339.93 8.62295e-05
7341.18 8.45593e-05
7342.43 8.31396e-05
7343.67 8.22425e-05
7344.92 8.13456e-05
7346.17 8.04495e-05
7347.43 7.9554e-05
7348.68 7.86592e-05
7349.93 7.77653e-05
7351.18 7.68715e-05
7352.43 7.56321e-05
7353.68 7.36659e-05
7354.93 7.17023e-05
7356.18 6.9739e-05
7357.44 6.77777e-05
7358.69 6.58174e-05
7359.94 6.3859e-05
7361.19 6.19025e-05
7362.45 6.02242e-05
7363.7 5.91001e-05
7364.95 5.79771e-05
7366.2 5.6856e-05
7367.46 5.57347e-05
7368.71 5.46145e-05
7369.97 5.34949e-05
7371.22 5.23763e-05
7372.48 5.10357e-05
7373.73 4.92906e-05
7374.99 4.75464e-05
7376.24 4.58039e-05
7377.5 4.40631e-05
7378.75 4.23246e-05
7380.01 4.05864e-05
7381.26 3.88493e-05
7382.52 3.77007e-05
7383.78 3.74788e-05
7385.03 3.7257e-05
7386.29 3.70354e-05
7387.55 3.6814e-05
7388.8 3.65927e-05
7390.06 3.63717e-05
7391.32 3.61508e-05
7392.58 3.56105e-05
7393.84 3.46488e-05
7395.09 3.36879e-05
7396.35 3.27277e-05
7397.61 3.17683e-05
7398.87 3.08095e-05
7400.13 2.98516e-05
7401.39 2.88951e-05
7402.65 2.82684e-05
7403.91 2.79924e-05
7405.17 2.77167e-05
7406.43 2.74411e-05
7407.69 2.71657e-05
7408.95 2.68906e-05
7410.21 2.66158e-05
7411.47 2.63411e-05
7412.73 2.63258e-05
7414.0 2.6523e-05
7415.26 2.672e-05
7416.52 2.69167e-05
7417.78 2.71133e-05
7419.04 2.73098e-05
7420.31 2.75061e-05
7421.57 2.77022e-05
7422.83 2.71231e-05
7424.1 2.60811e-05
7425.36 2.50393e-05
7426.62 2.39981e-05
7427.89 2.29579e-05
7429.15 2.19188e-05
7430.42 2.08811e-05
7431.68 1.98444e-05
7432.95 1.91847e-05
7434.21 1.86774e-05
7435.48 1.81708e-05
7436.74 1.76642e-05
7438.01 1.7158e-05
7439.27 1.66521e-05
7440.54 1.61465e-05
7441.81 1.56413e-05
7443.07 1.54926e-05
7444.34 1.54287e-05
7445.61 1.53648e-05
7446.87 1.5301e-05
7448.14 1.52372e-05
7449.41 1.51734e-05
7450.68 1.51097e-05
7451.94 1.5046e-05
7453.21 1.45255e-05
7454.48 1.39632e-05
7455.75 1.34011e-05
7457.02 1.28395e-05
7458.29 1.22786e-05
7459.56 1.17179e-05
7460.83 1.11573e-05
7462.1 1.05712e-05
7463.37 9.21885e-06
7464.64 7.86816e-06
7465.91 6.51811e-06
7467.18 5.16869e-06
7468.45 3.82043e-06
7469.72 2.47384e-06
7492.64 2.77708e-06
7493.91 3.11062e-06
7495.19 3.44388e-06
7496.46 3.77698e-06
7497.74 4.10979e-06
7499.02 4.44244e-06
7500.29 4.77476e-06
7501.57 5.10662e-06
7502.85 5.17879e-06
7504.12 5.08558e-06
7505.4 4.99238e-06
7506.68 4.89927e-06
7507.95 4.80621e-06
7509.23 4.71323e-06
7510.51 4.62031e-06
7511.79 4.52748e-06
7513.07 4.43474e-06
7514.35 4.34205e-06
7515.62 4.24948e-06
7516.9 4.15692e-06
7518.18 4.06445e-06
7519.46 3.97203e-06
7520.74 3.8797e-06
7522.02 3.78743e-06
7523.3 3.73069e-06
7524.58 3.67539e-06
7525.86 3.62013e-06
7527.14 3.56493e-06
7528.43 3.50975e-06
7529.71 3.45461e-06
7530.99 3.39951e-06
7532.27 3.34446e-06
7533.55 3.28944e-06
7534.83 3.23447e-06
7536.12 3.17955e-06
7537.4 3.12466e-06
7538.68 3.06984e-06
7539.96 3.01503e-06
7541.25 2.96027e-06
7542.53 2.91584e-06
7543.82 2.89017e-06
7545.1 2.86451e-06
7546.38 2.83887e-06
7547.67 2.81325e-06
7548.95 2.78765e-06
7550.24 2.76208e-06
7551.52 2.73652e-06
7552.81 2.71097e-06
7554.09 2.68545e-06
7555.38 2.65994e-06
7556.66 2.63446e-06
7557.95 2.60899e-06
7559.24 2.58354e-06
7560.52 2.55811e-06
7561.81 2.53271e-06
7563.1 2.51546e-06
7564.38 2.5004e-06
7565.67 2.48535e-06
7566.96 2.47032e-06
8046.42 2.49999e-06
8047.79 2.59304e-06
8049.16 2.68597e-06
8050.53 2.77882e-06
8051.9 2.87154e-06
8053.27 2.96418e-06
8054.64 3.05667e-06
8056.01 3.14907e-06
8057.38 3.24141e-06
8058.75 3.33361e-06
8060.12 3.42571e-06
8061.49 3.51773e-06
8062.87 3.60963e-06
8064.24 3.70144e-06
8065.61 3.79313e-06
8066.98 3.88467e-06
8068.36 3.97615e-06
8069.73 4.06751e-06
8071.1 4.15879e-06
8072.48 4.24997e-06
8073.85 4.34104e-06
8075.23 4.43199e-06
8076.6 4.52285e-06
8077.97 4.61359e-06
8079.35 4.7042e-06
8080.72 4.79474e-06
8082.1 4.88518e-06
8083.47 4.9755e-06
8084.85 5.06574e-06
8086.23 5.15585e-06
8087.6 5.24588e-06
8088.98 5.33578e-06
8090.36 5.4256e-06
8091.73 5.51523e-06
8093.11 5.60483e-06
8094.49 5.69432e-06
8095.87 5.78372e-06
8097.24 5.87299e-06
8098.62 5.96215e-06
8100.0 6.05121e-06
8101.38 6.14019e-06
8102.76 6.2024e-06
8104.14 6.22184e-06
8105.52 6.24126e-06
8106.89 6.26064e-06
8108.27 6.28001e-06
8109.65 6.29934e-06
8111.03 6.31865e-06
8112.42 6.33794e-06
8113.8 6.35719e-06
8115.18 6.37642e-06
8116.56 6.39561e-06
8117.94 6.41478e-06
8119.32 6.43393e-06
8120.7 6.45304e-06
8122.08 6.47214e-06
8123.47 6.2859e-06
8124.85 6.07523e-06
8126.23 5.86484e-06
8127.62 5.65465e-06
8129.0 5.44488e-06
8130.38 5.23516e-06
8131.77 5.02571e-06
8133.15 4.81646e-06
8134.53 4.60748e-06
8135.92 4.39871e-06
8137.3 4.1902e-06
8138.69 3.98197e-06
8140.07 3.77394e-06
8141.46 3.56626e-06
8142.84 3.44163e-06
8144.23 3.42366e-06
8145.62 3.4057e-06
8147.0 3.38775e-06
8148.39 3.36983e-06
8149.78 3.35193e-06
8151.16 3.33404e-06
8152.55 3.31618e-06
8153.94 3.29833e-06
8155.33 3.2805e-06
8156.71 3.26269e-06
8158.1 3.2449e-06
8159.49 3.22712e-06
8160.88 3.20936e-06
8162.27 3.19343e-06
8163.66 3.27473e-06
8165.05 3.35594e-06
8166.44 3.43699e-06
8167.83 3.51801e-06
8169.22 3.59891e-06
8170.61 3.67974e-06
8172.0 3.76044e-06
8173.39 3.84107e-06
8174.78 3.92158e-06
8176.17 4.00198e-06
8177.56 4.0823e-06
8178.95 4.16247e-06
8180.35 4.24259e-06
8181.74 4.32262e-06
8183.13 4.30591e-06
8184.52 4.23336e-06
8185.92 4.16088e-06
8187.31 4.08848e-06
8188.7 4.01616e-06
8190.1 3.94395e-06
8191.49 3.87183e-06
8192.88 3.7998e-06
8194.28 3.72782e-06
8195.67 3.65588e-06
8197.07 3.58409e-06
8198.46 3.51235e-06
8199.86 3.44069e-06
8201.26 3.3692e-06
8202.65 3.34187e-06
8204.05 3.42514e-06
8205.44 3.50835e-06
8206.84 3.59145e-06
8208.24 3.67449e-06
8209.63 3.75736e-06
8211.03 3.84018e-06
8212.43 3.92288e-06
8213.83 4.00552e-06
8215.22 4.08799e-06
8216.62 4.17035e-06
8218.02 4.25265e-06
8219.42 4.33489e-06
8220.82 4.41697e-06
8222.22 4.49898e-06
8223.62 4.65979e-06
8225.02 4.82281e-06
8226.42 4.98572e-06
8227.82 5.14841e-06
8229.22 5.31076e-06
8230.62 5.4732e-06
8232.02 5.63579e-06
8233.42 5.79808e-06
8234.82 5.96039e-06
8236.22 6.12239e-06
8237.62 6.28419e-06
8239.03 6.4459e-06
8240.43 6.60742e-06
8241.83 6.76862e-06
8243.23 6.76486e-06
8244.64 6.68712e-06
8246.04 6.60947e-06
8247.44 6.53191e-06
8248.85 6.45444e-06
8250.25 6.37701e-06
8251.66 6.29966e-06
8253.06 6.2224e-06
8254.46 6.14523e-06
8255.87 6.06814e-06
8257.27 5.99109e-06
8258.68 5.91408e-06
8260.08 5.83721e-06
8261.49 5.76037e-06
8262.9 5.69747e-06
8264.3 5.65184e-06
8265.71 5.60626e-06
8267.12 5.56069e-06
8268.52 5.51521e-06
8269.93 5.46975e-06
8271.34 5.42435e-06
8272.75 5.37896e-06
8274.15 5.33362e-06
8275.56 5.28834e-06
8276.97 5.2431e-06
8278.38 5.19789e-06
8279.79 5.15272e-06
8281.2 5.10764e-06
8282.61 5.07978e-06
8284.02 5.10813e-06
8285.43 5.13644e-06
8286.84 5.16471e-06
8288.25 5.19295e-06
8289.66 5.22116e-06
8291.07 5.24934e-06
8292.48 5.27747e-06
8293.89 5.30555e-06
8295.3 5.33362e-06
8296.71 5.36166e-06
8298.13 5.38965e-06
8299.54 5.41761e-06
8300.95 5.44553e-06
8302.36 5.46458e-06
8303.78 5.34195e-06
8305.19 5.21938e-06
8306.6 5.09713e-06
8308.02 4.97486e-06
8309.43 4.85275e-06
8310.85 4.73078e-06
8312.26 4.60887e-06
8313.68 4.48712e-06
8315.09 4.36551e-06
8316.51 4.24405e-06
8317.92 4.12275e-06
8319.34 4.00159e-06
8320.75 3.8805e-06
8322.17 3.75955e-06
8323.58 3.70042e-06
8325.0 3.64703e-06
8326.42 3.5937e-06
8327.84 3.54043e-06
8329.25 3.48723e-06
8330.67 3.43406e-06
8332.09 3.38099e-06
8333.51 3.32795e-06
8334.92 3.27493e-06
8336.34 3.22198e-06
8337.76 3.1691e-06
8339.18 3.11628e-06
8340.6 3.06352e-06
8342.02 3.0108e-06
8343.44 3.00761e-06
8344.86 3.01612e-06
8346.28 3.02462e-06
8347.7 3.0331e-06
8349.12 3.04157e-06
8350.54 3.05004e-06
8351.96 3.05849e-06
8353.39 3.06693e-06
8354.81 3.07535e-06
8356.23 3.08376e-06
8357.65 3.09216e-06
8359.07 3.10055e-06
8360.5 3.10892e-06
8361.92 3.11729e-06
8363.34 3.13941e-06
8364.77 3.16652e-06
8366.19 3.19359e-06
8367.61 3.22062e-06
8369.04 3.24764e-06
8370.46 3.27458e-06
8371.89 3.30151e-06
8373.31 3.32841e-06
8374.74 3.35529e-06
8376.16 3.38212e-06
8377.59 3.40891e-06
8379.01 3.43569e-06
8380.44 3.46241e-06
8381.87 3.48912e-06
8383.29 3.47368e-06
8384.72 3.43968e-06
8386.15 3.40572e-06
8387.57 3.37178e-06
8389.0 3.33788e-06
8390.43 3.30402e-06
8391.86 3.2702e-06
8393.29 3.2364e-06
8394.71 3.20265e-06
8396.14 3.16895e-06
8397.57 3.13528e-06
8399.0 3.10163e-06
8400.43 3.06811e-06
8401.86 3.03485e-06
8403.29 3.07583e-06
8404.72 3.15079e-06
8406.15 3.22566e-06
8407.58 3.30045e-06
8409.01 3.37515e-06
8410.44 3.44976e-06
8411.87 3.52433e-06
8413.31 3.59881e-06
8414.74 3.67326e-06
8416.17 3.74757e-06
8417.6 3.82184e-06
8419.04 3.89602e-06
8420.47 3.97017e-06
8421.9 4.04412e-06
8423.33 4.01315e-06
8424.77 3.93977e-06
8426.2 3.86641e-06
8427.64 3.79319e-06
8429.07 3.71999e-06
8430.5 3.64705e-06
8431.94 3.57444e-06
8433.38 3.50194e-06
8434.81 3.4295e-06
8436.25 3.35708e-06
8437.68 3.28467e-06
8439.12 3.21237e-06
8440.55 3.14008e-06
8441.99 3.06786e-06
8443.43 2.99979e-06
8444.86 2.93305e-06
8446.3 2.86632e-06
8447.74 2.7997e-06
8449.18 2.73305e-06
8450.61 2.6665e-06
8452.05 2.59996e-06
8453.49 2.53349e-06
8466.45 2.51667e-06
8467.89 2.65273e-06
8469.33 2.78867e-06
8470.77 2.92449e-06
8472.21 3.06017e-06
8473.66 3.19573e-06
8475.1 3.33125e-06
8476.54 3.46664e-06
8477.98 3.60191e-06
8479.43 3.73713e-06
8480.87 3.87224e-06
8482.31 4.00721e-06
8483.76 3.97971e-06
8485.2 3.95033e-06
8486.64 3.92099e-06
8488.09 3.89166e-06
8489.53 3.86233e-06
8490.98 3.83305e-06
8492.42 3.80379e-06
8493.87 3.77454e-06
8495.32 3.74531e-06
8496.76 3.71611e-06
8498.21 3.68692e-06
8499.65 3.65776e-06
8501.1 3.62813e-06
8502.55 3.58848e-06
8503.99 3.49128e-06
8505.44 3.39421e-06
8506.89 3.29726e-06
8508.34 3.20036e-06
8509.79 3.10359e-06
8511.23 3.00695e-06
8512.68 2.91044e-06
8514.13 2.81404e-06
8515.58 2.71771e-06
8517.03 2.62143e-06
8518.48 2.52533e-06
8565.0 2.50782e-06
8566.45 2.5653e-06
8567.91 2.62273e-06
8569.37 2.68011e-06
8570.83 2.73738e-06
8572.29 2.7946e-06
8573.75 2.85173e-06
8575.21 2.90882e-06
8576.66 2.96579e-06
8578.12 3.02271e-06
8579.58 3.07951e-06
8581.04 3.1363e-06
8582.5 3.1836e-06
8583.96 3.14677e-06
8585.43 3.10999e-06
8586.89 3.07323e-06
8588.35 3.03655e-06
8589.81 2.99989e-06
8591.27 2.96327e-06
8592.73 2.9267e-06
8594.2 2.89018e-06
8595.66 2.85368e-06
8597.12 2.81723e-06
8598.59 2.78081e-06
8600.05 2.74445e-06
8601.51 2.70812e-06
8602.98 2.65901e-06
8604.44 2.59232e-06
8605.91 2.52573e-06
8719.42 2.51491e-06
8720.9 2.5659e-06
8722.39 2.61683e-06
8723.87 2.56261e-06
8725.36 2.50796e-06
