6792.47 2.03606e-06
6793.63 2.12009e-06
6794.79 2.20404e-06
6795.96 2.28799e-06
6797.12 2.37185e-06
6798.28 2.45575e-06
6799.45 2.53964e-06
6800.61 2.62345e-06
6801.77 2.70725e-06
6802.94 2.82581e-06
6804.1 2.94771e-06
6805.27 3.06954e-06
6806.43 3.19136e-06
6807.59 3.31307e-06
6808.76 3.43477e-06
6809.92 3.55646e-06
6811.09 3.67809e-06
6812.25 3.81648e-06
6813.42 3.99022e-06
6814.59 4.16395e-06
6815.75 4.33759e-06
6816.92 4.51115e-06
6818.08 4.68461e-06
6819.25 4.85806e-06
6820.42 5.0315e-06
6821.58 5.20484e-06
6822.75 5.42711e-06
6823.92 5.66619e-06
6825.09 5.90515e-06
6826.25 6.14409e-06
6827.42 6.3829e-06
6828.59 6.6215e-06
6829.76 6.86017e-06
6830.93 7.09888e-06
6832.1 7.33681e-06
6833.26 7.57101e-06
6834.43 7.80519e-06
6835.6 8.03927e-06
6836.77 8.27324e-06
6837.94 8.5072e-06
6839.11 8.74096e-06
6840.28 8.97471e-06
6841.45 9.20844e-06
6842.62 9.48197e-06
6843.79 9.77883e-06
6844.96 1.00758e-05
6846.14 1.03725e-05
6847.31 1.06692e-05
6848.48 1.09659e-05
6849.65 1.12624e-05
6850.82 1.15587e-05
6851.99 1.18236e-05
6853.17 1.17666e-05
6854.34 1.17095e-05
6855.51 1.16525e-05
6856.69 1.15955e-05
6857.86 1.15385e-05
6859.03 1.14815e-05
6860.21 1.14246e-05
6861.38 1.13677e-05
6862.55 1.19676e-05
6863.73 1.30782e-05
6864.9 1.41892e-05
6866.08 1.52993e-05
6867.25 1.64093e-05
6868.43 1.75192e-05
6869.6 1.86287e-05
6870.78 1.97376e-05
6871.95 2.08623e-05
6873.13 2.23236e-05
6874.3 2.37849e-05
6875.48 2.52455e-05
6876.66 2.67054e-05
6877.83 2.81653e-05
6879.01 2.96245e-05
6880.19 3.10836e-05
6881.36 3.2542e-05
6882.54 3.34515e-05
6883.72 3.39052e-05
6884.9 3.43588e-05
6886.07 3.48121e-05
6887.25 3.52654e-05
6888.43 3.57186e-05
6889.61 3.61716e-05
6890.79 3.66244e-05
6891.97 3.72254e-05
6893.15 4.03063e-05
6894.33 4.33896e-05
6895.5 4.64715e-05
6896.68 4.9552e-05
6897.86 5.26323e-05
6899.04 5.57112e-05
6900.23 5.87899e-05
6901.41 6.18673e-05
6902.59 6.60098e-05
6903.77 7.09251e-05
6904.95 7.58443e-05
6906.13 8.07591e-05
6907.31 8.56737e-05
6908.49 9.0588e-05
6909.68 9.55001e-05
6910.86 0.00010041
6912.04 0.000105446
6913.22 0.000111464
6914.41 0.000117476
6915.59 0.000123491
6916.77 0.000129506
6917.96 0.000135515
6919.14 0.000141527
6920.32 0.000147533
6921.51 0.000153539
6922.69 0.000161817
6923.88 0.00017126
6925.06 0.00018069
6926.24 0.000190128
6927.43 0.000199562
6928.62 0.000208995
6929.8 0.000218423
6930.99 0.000227847
6932.17 0.000238634
6933.36 0.000254251
6934.54 0.000269867
6935.73 0.000285464
6936.92 0.000301072
6938.1 0.000316673
6939.29 0.000332267
6940.48 0.000347859
6941.67 0.000363445
6942.85 0.000386814
6944.04 0.00041224
6945.23 0.000437663
6946.42 0.000463055
6947.61 0.000488455
6948.8 0.000513854
6949.98 0.000539241
6951.17 0.000564616
6952.36 0.000595382
6953.55 0.000635127
6954.74 0.000674869
6955.93 0.000714592
6957.12 0.000754281
6958.31 0.000793984
6959.5 0.000833685
6960.69 0.000873351
6961.88 0.000913032
6963.08 0.000976466
6964.27 0.00104062
6965.46 0.00110477
6966.65 0.00116889
6967.84 0.00123293
6969.03 0.00129702
6970.23 0.00136108
6971.42 0.00142513
6972.61 0.00151311
6973.81 0.00161851
6975.0 0.00172389
6976.19 0.00182923
6977.39 0.00193457
6978.58 0.00203976
6979.77 0.00214504
6980.97 0.00225027
6982.16 0.00236933
6983.36 0.00254467
6984.55 0.00271992
6985.75 0.0028951
6986.94 0.00307026
6988.14 0.00324542
6989.33 0.00342035
6990.53 0.00359534
6991.72 0.00377032
6992.92 0.00404878
6994.12 0.00434847
6995.31 0.0046479
6996.51 0.00494744
6997.71 0.00524684
6998.91 0.0055461
7000.1 0.00584502
7001.3 0.00614332
7002.5 0.00653595
7003.7 0.00703369
7004.89 0.00753107
7006.09 0.00802828
7007.29 0.00852513
7008.49 0.00902182
7009.69 0.00951815
7010.89 0.0100139
7012.09 0.0105528
7013.29 0.0113836
7014.49 0.0122135
7015.69 0.0130431
7016.89 0.0138725
7018.09 0.0147012
7019.29 0.0155293
7020.49 0.0163572
7021.69 0.0171838
7022.89 0.0184451
7024.09 0.0198165
7025.3 0.0211869
7026.5 0.0225568
7027.7 0.0239257
7028.9 0.0252942
7030.11 0.0266615
7031.31 0.0280274
7032.51 0.0297612
7033.71 0.0319028
7034.92 0.0340419
7036.12 0.0361809
7037.33 0.0383172
7038.53 0.0404527
7039.73 0.0425874
7040.94 0.0447202
7042.14 0.0469821
7043.35 0.0498889
7044.55 0.0527956
7045.76 0.0557012
7046.96 0.0586043
7048.17 0.0615051
7049.38 0.0644047
7050.58 0.067303
7051.79 0.0701978
7052.99 0.0737427
7054.2 0.0773796
7055.41 0.0810165
7056.62 0.0846519
7057.82 0.0882842
7059.03 0.0919136
7060.24 0.09554
7061.45 0.0991663
7062.65 0.102953
7063.86 0.106856
7065.07 0.110753
7066.28 0.114651
7067.49 0.118545
7068.7 0.122437
7069.91 0.126327
7071.12 0.130214
7072.33 0.133929
7073.54 0.137269
7074.75 0.140607
7075.96 0.143941
7077.17 0.147274
7078.38 0.150605
7079.59 0.153934
7080.8 0.157261
7082.01 0.160536
7083.23 0.16287
7084.44 0.165202
7085.65 0.167532
7086.86 0.16986
7088.07 0.172187
7089.29 0.174513
7090.5 0.176837
7091.71 0.17916
7092.93 0.180769
7094.14 0.182199
7095.35 0.183628
7096.57 0.185056
7097.78 0.186483
7099.0 0.187909
7100.21 0.189334
7101.42 0.190759
7102.64 0.191805
7103.86 0.192554
7105.07 0.193303
7106.29 0.194052
7107.5 0.1948
7108.72 0.195548
7109.93 0.196294
7111.15 0.197041
7112.37 0.197642
7113.58 0.197954
7114.8 0.198266
7116.02 0.198578
7117.24 0.198889
7118.45 0.199201
7119.67 0.199512
7120.89 0.199822
7122.11 0.200106
7123.33 0.20019
7124.55 0.200275
7125.77 0.200359
7126.98 0.200443
7128.2 0.200527
7129.42 0.200611
7130.64 0.200695
7131.86 0.200779
7133.08 0.200773
7134.3 0.200758
7135.52 0.200744
7136.75 0.200729
7137.97 0.200715
7139.19 0.2007
7140.41 0.200686
7141.63 0.200671
7142.85 0.200609
7144.07 0.200529
7145.3 0.200448
7146.52 0.200368
7147.74 0.200288
7148.97 0.200208
7150.19 0.200128
7151.41 0.200048
7152.64 0.199956
7153.86 0.199856
7155.08 0.199755
7156.31 0.199654
7157.53 0.199553
7158.76 0.199453
7159.98 0.199352
7161.21 0.199251
7162.43 0.19914
7163.66 0.199009
7164.88 0.198879
7166.11 0.198748
7167.33 0.198618
7168.56 0.198487
7169.79 0.198357
7171.01 0.198226
7172.24 0.198092
7173.47 0.197944
7174.7 0.197795
7175.92 0.197647
7177.15 0.197498
7178.38 0.19735
7179.61 0.197202
7180.83 0.197053
7182.06 0.196904
7183.29 0.196728
7184.52 0.196553
7185.75 0.196379
7186.98 0.196204
7188.21 0.196029
7189.44 0.195854
7190.67 0.19568
7191.9 0.195505
7193.13 0.195326
7194.36 0.195147
7195.59 0.194968
7196.82 0.194789
7198.05 0.194611
7199.29 0.194432
7200.52 0.194253
7201.75 0.194075
7202.98 0.193891
7204.21 0.193706
7205.45 0.193521
7206.68 0.193336
7207.91 0.193151
7209.15 0.192966
7210.38 0.192781
7211.61 0.192597
7212.85 0.192423
7214.08 0.192255
7215.32 0.192086
7216.55 0.191918
7217.78 0.19175
7219.02 0.191582
7220.25 0.191414
7221.49 0.191246
7222.73 0.191077
7223.96 0.190907
7225.2 0.190737
7226.43 0.190568
7227.67 0.190398
7228.91 0.190229
7230.14 0.190058
7231.38 0.18988
7232.62 0.189723
7233.85 0.189587
7235.09 0.189452
7236.33 0.189317
7237.57 0.189181
7238.81 0.189046
7240.05 0.188911
7241.28 0.188776
7242.52 0.188652
7243.76 0.188543
7245.0 0.188434
7246.24 0.188325
7247.48 0.188216
7248.72 0.188107
7249.96 0.187999
7251.2 0.18789
7252.44 0.187798
7253.68 0.187737
7254.92 0.187676
7256.17 0.187615
7257.41 0.187554
7258.65 0.187493
7259.89 0.187432
7261.13 0.187371
7262.38 0.187312
7263.62 0.187258
7264.86 0.187203
7266.1 0.187149
7267.35 0.187094
7268.59 0.18704
7269.83 0.186986
7271.08 0.186931
7272.32 0.18689
7273.57 0.186889
7274.81 0.186888
7276.05 0.186887
7277.3 0.186886
7278.54 0.186884
7279.79 0.186883
7281.04 0.186882
7282.28 0.186882
7283.53 0.186888
7284.77 0.186893
7286.02 0.186899
7287.27 0.186905
7288.51 0.186911
7289.76 0.186916
7291.01 0.186922
7292.26 0.186934
7293.5 0.186977
7294.75 0.187019
7296.0 0.187061
7297.25 0.187103
7298.5 0.187145
7299.74 0.187187
7300.99 0.187229
7302.24 0.187271
7303.49 0.187311
7304.74 0.187352
7305.99 0.187392
7307.24 0.187432
7308.49 0.187473
7309.74 0.187513
7310.99 0.187553
7312.24 0.187596
7313.49 0.187656
7314.75 0.187715
7316.0 0.187774
7317.25 0.187833
7318.5 0.187892
7319.75 0.18795
7321.01 0.188009
7322.26 0.188068
7323.51 0.188127
7324.76 0.188186
7326.02 0.188245
7327.27 0.188303
7328.52 0.188362
7329.78 0.18842
7331.03 0.188479
7332.29 0.188534
7333.54 0.18858
7334.8 0.188625
7336.05 0.18867
7337.31 0.188716
7338.56 0.188761
7339.82 0.188806
7341.07 0.188851
7342.33 0.188897
7343.58 0.188946
7344.84 0.188995
7346.1 0.189043
7347.35 0.189092
7348.61 0.189141
7349.87 0.189189
7351.13 0.189238
7352.38 0.189274
7353.64 0.189282
7354.9 0.18929
7356.16 0.189298
7357.42 0.189306
7358.68 0.189314
7359.94 0.189321
7361.19 0.189329
7362.45 0.189332
7363.71 0.189324
7364.97 0.189316
7366.23 0.189307
7367.49 0.189299
7368.75 0.189291
7370.02 0.189283
7371.28 0.189275
7372.54 0.18925
7373.8 0.189202
7375.06 0.189153
7376.32 0.189105
7377.58 0.189056
7378.85 0.189008
7380.11 0.188959
7381.37 0.188911
7382.63 0.188854
7383.9 0.188788
7385.16 0.188722
7386.43 0.188657
7387.69 0.188591
7388.95 0.188525
7390.22 0.188459
7391.48 0.188393
7392.75 0.188321
7394.01 0.188244
7395.28 0.188166
7396.54 0.188089
7397.81 0.188012
7399.07 0.187934
7400.34 0.187857
7401.6 0.18778
7402.87 0.187659
7404.14 0.187516
7405.4 0.187373
7406.67 0.18723
7407.94 0.187087
7409.21 0.186944
7410.47 0.186801
7411.74 0.186658
7413.01 0.186518
7414.28 0.18638
7415.55 0.186241
7416.82 0.186102
7418.08 0.185963
7419.35 0.185825
7420.62 0.185686
7421.89 0.185548
7423.16 0.185377
7424.43 0.185202
7425.7 0.185027
7426.97 0.184852
7428.24 0.184678
7429.52 0.184503
7430.79 0.184336
7432.06 0.184173
7433.33 0.18401
7434.6 0.183847
7435.87 0.183684
7437.15 0.183522
7438.42 0.183359
7439.69 0.183196
7440.96 0.183033
7442.24 0.18287
7443.51 0.1827
7444.78 0.182531
7446.06 0.182362
7447.33 0.182193
7448.6 0.182023
7449.88 0.181854
7451.15 0.181686
7452.43 0.181517
7453.7 0.18135
7454.98 0.181183
7456.25 0.181016
7457.53 0.180849
7458.81 0.180683
7460.08 0.180516
7461.36 0.180349
7462.64 0.180183
7463.91 0.180018
7465.19 0.179853
7466.47 0.179689
7467.74 0.179524
7469.02 0.179359
7470.3 0.179194
7471.58 0.17903
7472.86 0.178861
7474.13 0.17869
7475.41 0.178519
7476.69 0.178348
7477.97 0.178177
7479.25 0.178006
7480.53 0.177835
7481.81 0.177665
7483.09 0.177542
7484.37 0.177432
7485.65 0.177321
7486.93 0.17721
7488.21 0.177099
7489.49 0.176989
7490.78 0.176878
7492.06 0.176768
7493.34 0.17665
7494.62 0.176531
7495.9 0.176413
7497.19 0.176295
7498.47 0.176176
7499.75 0.176058
7501.04 0.175934
7502.32 0.175818
7503.6 0.175741
7504.89 0.175664
7506.17 0.175587
7507.45 0.175511
7508.74 0.175434
7510.02 0.175357
7511.31 0.175281
7512.59 0.175203
7513.88 0.175122
7515.17 0.175041
7516.45 0.17496
7517.74 0.174879
7519.02 0.174798
7520.31 0.174717
7521.6 0.174636
7522.88 0.174577
7524.17 0.17453
7525.46 0.174483
7526.75 0.174436
7528.03 0.174389
7529.32 0.174342
7530.61 0.174296
7531.9 0.174249
7533.19 0.174215
7534.48 0.174184
7535.76 0.174152
7537.05 0.17412
7538.34 0.174089
7539.63 0.174057
7540.92 0.174025
7542.21 0.173996
7543.5 0.173991
7544.79 0.173985
7546.08 0.173979
7547.38 0.173974
7548.67 0.173968
7549.96 0.173962
7551.25 0.173956
7552.54 0.173958
7553.83 0.173975
7555.13 0.173991
7556.42 0.174008
7557.71 0.174024
7559.01 0.17404
7560.3 0.174056
7561.59 0.174072
7562.89 0.174094
7564.18 0.174118
7565.47 0.174142
7566.77 0.174167
7568.06 0.174191
7569.36 0.174215
7570.65 0.174239
7571.95 0.174263
7573.24 0.174276
7574.54 0.174288
7575.84 0.174299
7577.13 0.174311
7578.43 0.174322
7579.73 0.174334
7581.02 0.174345
7582.32 0.174362
7583.62 0.174403
7584.91 0.174444
7586.21 0.174485
7587.51 0.174525
7588.81 0.174566
7590.11 0.174607
7591.4 0.174647
7592.7 0.174662
7594.0 0.174649
7595.3 0.174636
7596.6 0.174623
7597.9 0.17461
7599.2 0.174596
7600.5 0.174583
7601.8 0.17457
7603.1 0.174584
7604.4 0.174607
7605.7 0.17463
7607.01 0.174652
7608.31 0.174675
7609.61 0.174697
7610.91 0.17472
7612.21 0.174738
7613.52 0.174712
7614.82 0.174686
7616.12 0.174661
7617.42 0.174635
7618.73 0.174609
7620.03 0.174584
7621.33 0.174558
7622.64 0.174521
7623.94 0.174469
7625.25 0.174416
7626.55 0.174364
7627.86 0.174311
7629.16 0.174258
7630.47 0.174197
7631.77 0.174119
7633.08 0.17403
7634.38 0.173937
7635.69 0.173844
7637.0 0.173752
7638.3 0.173659
7639.61 0.173566
7640.92 0.173473
7642.23 0.173378
7643.53 0.173256
7644.84 0.173134
7646.15 0.173012
7647.46 0.172891
7648.76 0.172769
7650.07 0.172647
7651.38 0.172525
7652.69 0.172393
7654.0 0.172248
7655.31 0.172103
7656.62 0.171958
7657.93 0.171813
7659.24 0.171668
7660.55 0.171523
7661.86 0.171378
7663.17 0.171229
7664.48 0.171079
7665.79 0.170929
7667.11 0.17078
7668.42 0.17063
7669.73 0.17048
7671.04 0.170331
7672.35 0.170175
7673.67 0.169993
7674.98 0.16981
7676.29 0.169628
7677.61 0.169446
7678.92 0.169264
7680.23 0.169082
7681.55 0.1689
7682.86 0.168714
7684.18 0.168525
7685.49 0.168336
7686.81 0.168147
7688.12 0.167958
7689.44 0.16777
7690.75 0.167581
7692.07 0.167392
7693.38 0.16721
7694.7 0.167028
7696.02 0.166846
7697.33 0.166664
7698.65 0.166483
7699.97 0.166301
7701.29 0.16612
7702.6 0.165933
7703.92 0.165736
7705.24 0.16554
7706.56 0.165344
7707.88 0.165147
7709.2 0.164952
7710.51 0.164756
7711.83 0.16456
7713.15 0.164371
7714.47 0.164185
7715.79 0.163999
7717.11 0.163813
7718.43 0.163627
7719.75 0.163441
7721.07 0.163255
7722.4 0.16307
7723.72 0.16289
7725.04 0.16271
7726.36 0.16253
7727.68 0.16235
7729.0 0.16217
7730.33 0.16199
7731.65 0.161811
7732.97 0.161633
7734.3 0.161455
7735.62 0.161278
7736.94 0.161101
7738.27 0.160925
7739.59 0.160748
7740.91 0.160571
7742.24 0.160396
7743.56 0.160241
7744.89 0.160086
7746.21 0.159931
7747.54 0.159776
7748.86 0.159622
7750.19 0.159467
7751.52 0.159312
7752.84 0.159168
7754.17 0.159033
7755.5 0.158898
7756.82 0.158763
7758.15 0.158629
7759.48 0.158494
7760.8 0.158359
7762.13 0.158224
7763.46 0.158098
7764.79 0.157971
7766.12 0.157845
7767.45 0.157718
7768.77 0.157592
7770.1 0.157466
7771.43 0.157339
7772.76 0.157228
7774.09 0.157134
7775.42 0.157039
7776.75 0.156945
7778.08 0.156851
7779.41 0.156756
7780.75 0.156662
7782.08 0.156568
7783.41 0.156451
7784.74 0.156333
7786.07 0.156216
7787.4 0.156098
7788.74 0.155981
7790.07 0.155863
7791.4 0.155746
7792.73 0.15565
7794.07 0.155582
7795.4 0.155514
7796.74 0.155446
7798.07 0.155377
7799.4 0.155309
7800.74 0.155241
7802.07 0.155173
7803.41 0.155089
7804.74 0.155005
7806.08 0.154921
7807.41 0.154836
7808.75 0.154752
7810.09 0.154667
7811.42 0.154583
7812.76 0.154522
7814.09 0.154491
7815.43 0.154459
7816.77 0.154427
7818.11 0.154395
7819.44 0.154363
7820.78 0.154331
7822.12 0.154298
7823.46 0.154242
7824.8 0.154185
7826.14 0.154128
7827.47 0.154071
7828.81 0.154014
7830.15 0.153959
7831.49 0.153921
7832.83 0.153882
7834.17 0.153842
7835.51 0.153802
7836.85 0.153761
7838.19 0.153721
7839.54 0.153681
7840.88 0.153641
7842.22 0.153601
7843.56 0.153569
7844.9 0.153537
7846.25 0.153505
7847.59 0.153472
7848.93 0.15344
7850.27 0.153408
7851.62 0.153376
7852.96 0.153334
7854.3 0.153287
7855.65 0.15324
7856.99 0.153192
7858.34 0.153145
7859.68 0.153097
7861.02 0.15305
7862.37 0.153007
7863.71 0.15299
7865.06 0.152972
7866.41 0.152955
7867.75 0.152938
7869.1 0.15292
7870.44 0.152903
7871.79 0.152885
7873.14 0.152834
7874.48 0.152769
7875.83 0.152705
7877.18 0.152641
7878.53 0.152576
7879.88 0.152512
7881.22 0.152447
7882.57 0.15239
7883.92 0.152349
7885.27 0.152308
7886.62 0.152267
7887.97 0.152226
7889.32 0.152185
7890.67 0.152144
7892.02 0.152103
7893.37 0.152034
7894.72 0.151962
7896.07 0.151891
7897.42 0.151819
7898.77 0.151747
7900.12 0.151675
7901.47 0.151603
7902.83 0.151523
7904.18 0.151434
7905.53 0.151345
7906.88 0.151256
7908.24 0.151167
7909.59 0.151078
7910.94 0.150989
7912.3 0.150902
7913.65 0.150839
7915.0 0.150777
7916.36 0.150714
7917.71 0.150651
7919.07 0.150588
7920.42 0.150525
7921.78 0.150463
7923.13 0.15038
7924.49 0.150288
7925.84 0.150197
7927.2 0.150105
7928.56 0.150014
7929.91 0.149922
7931.27 0.149831
7932.63 0.149744
7933.98 0.149669
7935.34 0.149594
7936.7 0.149519
7938.06 0.149443
7939.42 0.149368
7940.77 0.149293
7942.13 0.149218
7943.49 0.149124
7944.85 0.149029
7946.21 0.148935
7947.57 0.14884
7948.93 0.148746
7950.29 0.148651
7951.65 0.148557
7953.01 0.148471
7954.37 0.14839
7955.73 0.14831
7957.09 0.148229
7958.45 0.148148
7959.81 0.148068
7961.18 0.147987
7962.54 0.147907
7963.9 0.147826
7965.26 0.147746
7966.63 0.147665
7967.99 0.147585
7969.35 0.147504
7970.72 0.147424
7972.08 0.147344
7973.44 0.147273
7974.81 0.147204
7976.17 0.147134
7977.54 0.147065
7978.9 0.146996
7980.27 0.146926
7981.63 0.146859
7983.0 0.146782
7984.36 0.1467
7985.73 0.146618
7987.1 0.146536
7988.46 0.146454
7989.83 0.146372
7991.2 0.146293
7992.56 0.146214
7993.93 0.146135
7995.3 0.146055
7996.67 0.145976
7998.04 0.145897
7999.4 0.145818
8000.77 0.145728
8002.14 0.145631
8003.51 0.145556
8004.88 0.145483
8006.25 0.145409
8007.62 0.145335
8008.99 0.145262
8010.36 0.145188
8011.73 0.145117
8013.1 0.145049
8014.47 0.144982
8015.84 0.144914
8017.22 0.144847
8018.59 0.14478
8019.96 0.144713
8021.33 0.144647
8022.7 0.144577
8024.08 0.144499
8025.45 0.144421
8026.82 0.144343
8028.2 0.144265
8029.57 0.144187
8030.94 0.144111
8032.32 0.144038
8033.69 0.14399
8035.07 0.143941
8036.44 0.143893
8037.82 0.143845
8039.19 0.143797
8040.57 0.143748
8041.94 0.1437
8043.32 0.143614
8044.69 0.143519
8046.07 0.143423
8047.45 0.143328
8048.82 0.143233
8050.2 0.143137
8051.58 0.143042
8052.96 0.142974
8054.33 0.142929
8055.71 0.142883
8057.09 0.142838
8058.47 0.142793
8059.85 0.142748
8061.23 0.142702
8062.61 0.142643
8063.98 0.14255
8065.36 0.142456
8066.75 0.142362
8068.12 0.142268
8069.51 0.142175
8070.89 0.142081
8072.27 0.141987
8073.65 0.1419
8075.03 0.141813
8076.41 0.141726
8077.79 0.141638
8079.17 0.141551
8080.56 0.141464
8081.94 0.141377
8083.32 0.141282
8084.71 0.141185
8086.09 0.141089
8087.47 0.140992
8088.86 0.140896
8090.24 0.140799
8091.62 0.140703
8093.01 0.140593
8094.39 0.140473
8095.78 0.140353
8097.16 0.140234
8098.55 0.140114
8099.93 0.139994
8101.32 0.139875
8102.71 0.139755
8104.09 0.139636
8105.48 0.139518
8106.87 0.139399
8108.25 0.13928
8109.64 0.139161
8111.03 0.139042
8112.42 0.138921
8113.8 0.138786
8115.19 0.138652
8116.58 0.138517
8117.97 0.138382
8119.36 0.138247
8120.75 0.138113
8122.14 0.137978
8123.53 0.137829
8124.92 0.137679
8126.31 0.137528
8127.7 0.137378
8129.09 0.137228
8130.48 0.137078
8131.87 0.136929
8133.26 0.136762
8134.65 0.136589
8136.04 0.136416
8137.44 0.136244
8138.83 0.136071
8140.22 0.135898
8141.61 0.135726
8143.01 0.135558
8144.4 0.135394
8145.79 0.13523
8147.19 0.135066
8148.58 0.134902
8149.97 0.134739
8151.37 0.134575
8152.76 0.134415
8154.16 0.134261
8155.55 0.134107
8156.95 0.133953
8158.34 0.133799
8159.74 0.133645
8161.14 0.133492
8162.53 0.13333
8163.93 0.133139
8165.33 0.132948
8166.72 0.132757
8168.12 0.132567
8169.52 0.132376
8170.92 0.132186
8172.31 0.131995
8173.71 0.131807
8175.11 0.131618
8176.51 0.13143
8177.91 0.131242
8179.31 0.131053
8180.71 0.130865
8182.11 0.130677
8183.51 0.130505
8184.91 0.130335
8186.31 0.130164
8187.71 0.129994
8189.11 0.129824
8190.51 0.129653
8191.91 0.129483
8193.31 0.129308
8194.71 0.129132
8196.12 0.128956
8197.52 0.128779
8198.92 0.128603
8200.32 0.128428
8201.73 0.128254
8203.13 0.128091
8204.53 0.127933
8205.94 0.127775
8207.34 0.127617
8208.75 0.12746
8210.15 0.127302
8211.55 0.127144
8212.96 0.126986
8214.37 0.126827
8215.77 0.126668
8217.18 0.126508
8218.58 0.126349
8219.99 0.12619
8221.39 0.126032
8222.8 0.125881
8224.21 0.125744
8225.62 0.125607
8227.02 0.125469
8228.43 0.125332
8229.84 0.125195
8231.25 0.125067
8232.66 0.124943
8234.06 0.124827
8235.47 0.124711
8236.88 0.124595
8238.29 0.124479
8239.7 0.124363
8241.11 0.124248
8242.52 0.124138
8243.93 0.124055
8245.34 0.123972
8246.75 0.123889
8248.16 0.123806
8249.57 0.123723
8250.98 0.12364
8252.4 0.123557
8253.81 0.123473
8255.22 0.123389
8256.63 0.123304
8258.05 0.12322
8259.46 0.123136
8260.87 0.123051
8262.29 0.122967
8263.7 0.122893
8265.11 0.122819
8266.53 0.122745
8267.94 0.122671
8269.36 0.122597
8270.77 0.122523
8272.19 0.122449
8273.6 0.122402
8275.02 0.122357
8276.43 0.122313
8277.85 0.122268
8279.26 0.122223
8280.68 0.122178
8282.1 0.122133
8283.52 0.122088
8284.93 0.122044
8286.35 0.121999
8287.77 0.121955
8289.19 0.12191
8290.6 0.121866
8292.02 0.121821
8293.44 0.12181
8294.86 0.121806
8296.28 0.121802
8297.7 0.121798
8299.12 0.121794
8300.54 0.121789
8301.96 0.121785
8303.38 0.12176
8304.8 0.121728
8306.22 0.121696
8307.64 0.121664
8309.06 0.121632
8310.49 0.121601
8311.91 0.121568
8313.33 0.121559
8314.75 0.121558
8316.17 0.121556
8317.6 0.121555
8319.02 0.121553
8320.44 0.121552
8321.87 0.12155
8323.29 0.121554
8324.71 0.121562
8326.14 0.121569
8327.56 0.121576
8328.99 0.121583
8330.41 0.12159
8331.84 0.121597
8333.26 0.121611
8334.69 0.121628
8336.12 0.121645
8337.54 0.121661
8338.97 0.121678
8340.4 0.121694
8341.82 0.12171
8343.25 0.121719
8344.68 0.121725
8346.1 0.12173
8347.53 0.121735
8348.96 0.121741
8350.39 0.121746
8351.82 0.121751
8353.25 0.12175
8354.68 0.121746
8356.11 0.121742
8357.54 0.121738
8358.97 0.121734
8360.4 0.121729
8361.83 0.121725
8363.26 0.121724
8364.69 0.121725
8366.12 0.121725
8367.55 0.121725
8368.98 0.121725
8370.41 0.121725
8371.85 0.121725
8373.28 0.121726
8374.71 0.121728
8376.14 0.12173
8377.58 0.121731
8379.01 0.121732
8380.44 0.121733
8381.88 0.121734
8383.31 0.121724
8384.75 0.121708
8386.18 0.121692
8387.62 0.121676
8389.05 0.121661
8390.49 0.121644
8391.92 0.121628
8393.36 0.121606
8394.79 0.121582
8396.23 0.121558
8397.67 0.121534
8399.1 0.12151
8400.54 0.12149
8401.98 0.121478
8403.41 0.12144
8404.85 0.121394
8406.29 0.121348
8407.73 0.121302
8409.17 0.121256
8410.61 0.12121
8412.04 0.121163
8413.48 0.121124
8414.92 0.121085
8416.36 0.121047
8417.8 0.121009
8419.24 0.12097
8420.68 0.120931
8422.12 0.120893
8423.57 0.12083
8425.01 0.120763
8426.45 0.120695
8427.89 0.120628
8429.33 0.120561
8430.77 0.120503
8432.22 0.120452
8433.66 0.120388
8435.1 0.120324
8436.55 0.12026
8437.99 0.120196
8439.43 0.120132
8440.88 0.120067
8442.32 0.120003
8443.77 0.119912
8445.21 0.119822
8446.66 0.119731
8448.1 0.11964
8449.55 0.119549
8450.99 0.119459
8452.44 0.119369
8453.88 0.119294
8455.33 0.119219
8456.78 0.119144
8458.22 0.119069
8459.67 0.118993
8461.12 0.118918
8462.57 0.118843
8464.01 0.118765
8465.46 0.118688
8466.91 0.11861
8468.36 0.118533
8469.81 0.118455
8471.26 0.118378
8472.71 0.118293
8474.16 0.118188
8475.61 0.118082
8477.06 0.117977
8478.51 0.117871
8479.96 0.117766
8481.41 0.117661
8482.86 0.117487
8484.31 0.117194
8485.76 0.1169
8487.21 0.116607
8488.67 0.116314
8490.12 0.116021
8491.57 0.115729
8493.02 0.115519
8494.48 0.1154
8495.93 0.115281
8497.38 0.115162
8498.84 0.115043
8500.29 0.11492
8501.75 0.11478
8503.2 0.11466
8504.66 0.114554
8506.11 0.114447
8507.57 0.114341
8509.02 0.114234
8510.48 0.114128
8511.93 0.114021
8513.39 0.113866
8514.85 0.11369
8516.3 0.113516
8517.76 0.113341
8519.22 0.113166
8520.67 0.112991
8522.13 0.112817
8523.59 0.11271
8525.05 0.112614
8526.51 0.112519
8527.97 0.112423
8529.43 0.112328
8530.89 0.112232
8532.34 0.112136
8533.8 0.11201
8535.26 0.111884
8536.72 0.111758
8538.19 0.111632
8539.65 0.111505
8541.11 0.111379
8542.57 0.111254
8544.03 0.111132
8545.49 0.111011
8546.95 0.11089
8548.42 0.110769
8549.88 0.110648
8551.34 0.110526
8552.81 0.11041
8554.27 0.110305
8555.73 0.110199
8557.2 0.110094
8558.66 0.109988
8560.12 0.109883
8561.59 0.109777
8563.05 0.109669
8564.52 0.10956
8565.98 0.109451
8567.45 0.109342
8568.92 0.109232
8570.38 0.109123
8571.85 0.109014
8573.31 0.108921
8574.78 0.108836
8576.25 0.108751
8577.72 0.108666
8579.18 0.108582
8580.65 0.108497
8582.12 0.108412
8583.59 0.108307
8585.06 0.108199
8586.53 0.108091
8587.99 0.107982
8589.46 0.107874
8590.93 0.107765
8592.4 0.107659
8593.87 0.107606
8595.34 0.107554
8596.82 0.107501
8598.29 0.107449
8599.76 0.107396
8601.23 0.107343
8602.7 0.107286
8604.17 0.107216
8605.64 0.107146
8607.12 0.107075
8608.59 0.107005
8610.06 0.106934
8611.54 0.106864
8613.01 0.106795
8614.48 0.106728
8615.96 0.106661
8617.43 0.106594
8618.9 0.106527
8620.38 0.10646
8621.85 0.106393
8623.33 0.106334
8624.8 0.106279
8626.28 0.106224
8627.76 0.106168
8629.23 0.106113
8630.71 0.106073
8632.19 0.106049
8633.66 0.106028
8635.14 0.106007
8636.62 0.105986
8638.09 0.105965
8639.57 0.105943
8641.05 0.105922
8642.53 0.105905
8644.01 0.105922
8645.49 0.10594
8646.97 0.105958
8648.45 0.105975
8649.92 0.105992
8651.41 0.106009
8652.88 0.106011
8654.37 0.105983
8655.85 0.105956
8657.33 0.105928
8658.81 0.1059
8660.29 0.105872
8661.77 0.105843
8663.25 0.105841
8664.74 0.105857
8666.22 0.105872
8667.7 0.105888
8669.18 0.105903
8670.67 0.105918
8672.15 0.105933
8673.63 0.105934
8675.12 0.105932
8676.6 0.10593
8678.09 0.105928
8679.57 0.105925
8681.06 0.105923
8682.54 0.10592
8684.03 0.105916
8685.51 0.105911
8687.0 0.105907
8688.49 0.105902
8689.97 0.105897
8691.46 0.105892
8692.95 0.105882
8694.43 0.105866
8695.92 0.105849
8697.41 0.105832
8698.9 0.105815
8700.39 0.105797
8701.87 0.10578
8703.36 0.105751
8704.85 0.105716
8706.34 0.105682
8707.83 0.105647
8709.32 0.105612
8710.81 0.105576
8712.3 0.105541
8713.79 0.105548
8715.28 0.105558
8716.77 0.105567
8718.27 0.105577
8719.76 0.105586
8721.25 0.105595
8722.74 0.105593
8724.23 0.105556
8725.73 0.105519
8727.22 0.105482
8728.71 0.105445
8730.21 0.105408
8731.7 0.10537
8733.19 0.105351
8734.69 0.105347
8736.18 0.105343
8737.68 0.105339
8739.17 0.105335
8740.67 0.105331
8742.16 0.105326
8743.66 0.105322
8745.15 0.105317
8746.65 0.105313
8748.15 0.105308
8749.64 0.105303
8751.14 0.105298
8752.64 0.105286
8754.14 0.105237
8755.63 0.105189
8757.13 0.10514
8758.63 0.105091
8760.13 0.105042
8761.63 0.104993
8763.13 0.104947
8764.62 0.104905
8766.12 0.104864
8767.62 0.104822
8769.12 0.10478
8770.63 0.104738
8772.13 0.104695
8773.63 0.104634
8775.13 0.104568
8776.63 0.104502
8778.13 0.104436
8779.63 0.10437
8781.13 0.104304
8782.64 0.104242
8784.14 0.10421
8785.64 0.104178
8787.15 0.104145
8788.65 0.104113
8790.15 0.10408
8791.66 0.104047
8793.16 0.103996
8794.67 0.103927
8796.17 0.103858
8797.68 0.103789
8799.18 0.10372
8800.69 0.103641
8802.19 0.103551
8803.7 0.103451
8805.2 0.103349
8806.71 0.103247
8808.22 0.103146
8809.72 0.103044
8811.23 0.102941
8812.74 0.102844
8814.25 0.102764
8815.75 0.102683
8817.26 0.102603
8818.77 0.102522
8820.28 0.102441
8821.79 0.102361
8823.3 0.102263
8824.81 0.102153
8826.32 0.102042
8827.83 0.101932
8829.34 0.101822
8830.85 0.101725
8832.36 0.10164
8833.87 0.101581
8835.38 0.101524
8836.9 0.101466
8838.41 0.101409
8839.92 0.101351
8841.43 0.101293
8842.94 0.101222
8844.46 0.101125
8845.97 0.101029
8847.48 0.100933
8849.0 0.100836
8850.51 0.10074
8852.03 0.100643
8853.54 0.100563
8855.06 0.100488
8856.57 0.100413
8858.09 0.100338
8859.6 0.100263
8861.12 0.100188
8862.63 0.100113
8864.15 0.100041
8865.67 0.0999682
8867.18 0.0998954
8868.7 0.0998224
8870.22 0.0997493
8871.74 0.0996761
8873.25 0.0995907
8874.77 0.0994948
8876.29 0.0993988
8877.81 0.0993027
8879.33 0.0992064
8880.85 0.09911
8882.37 0.0990136
8883.89 0.0989389
8885.41 0.0988651
8886.93 0.0987911
8888.45 0.098717
8889.97 0.0986427
8891.49 0.0985683
8893.01 0.0984903
8894.53 0.0984063
8896.05 0.0983222
8897.58 0.0982379
8899.1 0.0981535
8900.62 0.0980689
8902.14 0.0979842
8903.67 0.0978983
8905.19 0.0978119
8906.71 0.0977253
8908.24 0.0976387
8909.76 0.097552
8911.29 0.0974651
8912.81 0.0973765
8914.33 0.0972829
8915.86 0.0971893
8917.39 0.0970955
8918.91 0.0970015
8920.44 0.0969075
8921.96 0.0968134
8923.49 0.096735
8925.02 0.096664
8926.54 0.0965928
8928.07 0.0965215
8929.6 0.09645
8931.13 0.0963783
8932.66 0.0963052
8934.18 0.0962235
8935.71 0.0961417
8937.24 0.0960597
8938.77 0.0959776
8940.3 0.0958954
8941.83 0.095813
8943.36 0.0957306
8944.89 0.0956481
8946.42 0.0955656
8947.95 0.0954828
8949.48 0.0953999
8951.01 0.0953169
8952.54 0.095234
8954.08 0.0951547
8955.61 0.0950752
8957.14 0.0949956
8958.67 0.0949158
8960.21 0.0948359
8961.74 0.0947558
8963.27 0.0946768
8964.8 0.0945986
8966.34 0.0945203
8967.87 0.0944418
8969.41 0.0943631
8970.94 0.0942844
8972.48 0.0942057
8974.01 0.0941438
8975.55 0.0940817
8977.08 0.0940195
8978.62 0.093957
8980.15 0.0938945
8981.69 0.0938318
8983.23 0.0937628
8984.76 0.0936872
8986.3 0.0936115
8987.84 0.0935356
8989.38 0.0934595
8990.92 0.0933833
8992.45 0.093307
8993.99 0.0932352
8995.53 0.0931632
8997.07 0.0930911
8998.61 0.0930189
9000.15 0.0929446
9001.69 0.0928535
9003.23 0.0927639
9004.77 0.0926759
9006.31 0.0925879
9007.85 0.0924997
9009.39 0.0924113
9010.93 0.0923229
9012.48 0.0922346
9014.02 0.0921518
9015.56 0.0920689
9017.1 0.0919859
9018.65 0.0919027
9020.19 0.0918194
9021.73 0.0917361
9023.27 0.0916469
9024.82 0.091552
9026.36 0.0914569
9027.91 0.0913618
9029.45 0.0912665
9031.0 0.0911769
9032.54 0.0910912
9034.09 0.0910224
9035.63 0.0909534
9037.18 0.0908843
9038.73 0.0908149
9040.27 0.0907455
9041.82 0.090676
9043.37 0.0906046
9044.91 0.0905316
9046.46 0.0904585
9048.01 0.0903852
9049.56 0.0903117
9051.1 0.0902382
9052.65 0.0901641
9054.2 0.0900861
9055.75 0.0900079
9057.3 0.0899295
9058.85 0.0898509
9060.4 0.0897723
9061.95 0.0896936
9063.5 0.0896212
9065.05 0.089552
9066.6 0.0894825
9068.15 0.0894129
9069.71 0.0893431
9071.26 0.0892733
9072.81 0.089202
9074.36 0.0891254
9075.91 0.0890486
9077.47 0.0889716
9079.02 0.0888945
9080.57 0.0888172
9082.13 0.0887399
9083.68 0.088662
9085.24 0.0885838
9086.79 0.0885055
9088.34 0.088427
9089.9 0.0883483
9091.45 0.0882697
9093.01 0.0881957
9094.57 0.0881315
9096.12 0.0880671
9097.68 0.0880024
9099.23 0.0879376
9100.79 0.0878726
9102.35 0.0878074
9103.91 0.0877237
9105.46 0.0876381
9107.02 0.0875522
9108.58 0.087466
9110.14 0.0873798
9111.7 0.0872935
9113.26 0.0872138
9114.81 0.087141
9116.37 0.0870679
9117.93 0.0869947
9119.49 0.0869213
9121.05 0.0868477
9122.61 0.0867736
9124.18 0.0866944
9125.74 0.0866151
9127.3 0.0865355
9128.86 0.0864557
9130.42 0.0863757
9131.98 0.0862957
9133.55 0.0862167
9135.11 0.0861381
9136.67 0.0860592
9138.24 0.0859801
9139.8 0.0859009
9141.36 0.0858215
9142.93 0.0857402
9144.49 0.0856538
9146.06 0.0855673
9147.62 0.0854805
9149.18 0.0853936
9150.75 0.0853065
9152.32 0.0852193
9153.88 0.0851289
9155.45 0.085038
9157.01 0.0849468
9158.58 0.0848555
9160.15 0.084764
9161.72 0.0846725
9163.28 0.084581
9164.85 0.0844896
9166.42 0.0843981
9167.99 0.0843063
9169.56 0.0842144
9171.12 0.0841223
9172.69 0.0840303
9174.26 0.0839399
9175.83 0.0838492
9177.4 0.0837584
9178.97 0.0836673
9180.54 0.083576
9182.11 0.0834847
9183.69 0.0833856
9185.26 0.0832838
9186.83 0.0831818
9188.4 0.0830796
9189.97 0.0829773
9191.54 0.0828749
9193.12 0.0827714
9194.69 0.0826661
9196.26 0.0825607
9197.84 0.0824552
9199.41 0.0823495
9200.98 0.0822384
9202.56 0.0821243
9204.13 0.0820158
9205.71 0.0819072
9207.28 0.0817985
9208.86 0.0816895
9210.43 0.0815805
9212.01 0.0814713
9213.59 0.0813522
9215.16 0.0812281
9216.74 0.0811038
9218.32 0.0809795
9219.89 0.080855
9221.47 0.0807304
9223.05 0.0806032
9224.63 0.0804703
9226.2 0.0803374
9227.78 0.0802043
9229.36 0.0800711
9230.94 0.0799411
9232.52 0.0798134
9234.1 0.0796911
9235.68 0.0795688
9237.26 0.0794464
9238.84 0.0793237
9240.42 0.0792011
9242.0 0.0790783
9243.58 0.0789528
9245.17 0.078826
9246.75 0.0786991
9248.33 0.078572
9249.91 0.0784447
9251.49 0.0783175
9253.08 0.0781882
9254.66 0.0780551
9256.24 0.0779221
9257.83 0.0777888
9259.41 0.0776554
9261.0 0.077522
9262.58 0.0773885
9264.16 0.0772509
9265.75 0.0771132
9267.33 0.0769754
9268.92 0.0768374
9270.51 0.0766995
9272.09 0.0765615
9273.68 0.0764274
9275.27 0.0762948
9276.85 0.0761622
9278.44 0.0760293
9280.03 0.0758963
9281.62 0.0757633
9283.2 0.0756277
9284.79 0.0754886
9286.38 0.0753493
9287.97 0.0752099
9289.56 0.0750704
9291.15 0.074931
9292.74 0.0747924
9294.33 0.0746618
9295.92 0.074531
9297.51 0.0744001
9299.1 0.0742691
9300.69 0.074138
9302.28 0.0740067
9303.87 0.0738744
9305.46 0.0737418
9307.06 0.073609
9308.65 0.073476
9310.24 0.073343
9311.83 0.0732099
9313.43 0.0730772
9315.02 0.072945
9316.62 0.0728125
9318.21 0.07268
9319.8 0.0725474
9321.4 0.0724146
9322.99 0.0722834
9324.59 0.0721566
9326.18 0.0720296
9327.78 0.0719024
9329.38 0.071775
9330.97 0.0716477
9332.57 0.0715201
9334.16 0.0714049
9335.76 0.0712894
9337.36 0.0711737
9338.96 0.0710578
9340.55 0.0709417
9342.15 0.0708255
9343.75 0.0707068
9345.35 0.0705871
9346.95 0.0704672
9348.55 0.0703472
9350.15 0.070227
9351.75 0.0701065
9353.35 0.0699893
9354.95 0.0698752
9356.55 0.069761
9358.15 0.0696466
9359.75 0.069532
9361.35 0.0694172
9362.95 0.0693037
9364.55 0.0691945
9366.16 0.069085
9367.76 0.0689754
9369.36 0.0688655
9370.96 0.0687553
9372.57 0.068645
9374.17 0.0685413
9375.78 0.0684374
9377.38 0.0683333
9378.98 0.0682289
9380.59 0.0681243
9382.19 0.0680193
9383.8 0.0679134
9385.4 0.0678069
9387.01 0.0677001
9388.62 0.0675932
9390.22 0.0674859
9391.83 0.0673785
9393.44 0.0672708
9395.04 0.0671628
9396.65 0.0670545
9398.26 0.066946
9399.87 0.0668372
9401.47 0.0667179
9403.08 0.0665976
9404.69 0.0664776
9406.3 0.0663574
9407.91 0.0662369
9409.52 0.0661162
9411.13 0.0659953
9412.74 0.0658735
9414.35 0.0657456
9415.96 0.0656175
9417.57 0.0654893
9419.18 0.0653608
9420.79 0.0652321
9422.41 0.0651033
9424.02 0.0649646
9425.63 0.0648246
9427.24 0.0646845
9428.86 0.0645442
9430.47 0.0644058
9432.08 0.064272
9433.7 0.0641295
9435.31 0.063983
9436.93 0.0638363
9438.54 0.0636896
9440.16 0.0635426
9441.77 0.0633955
9443.39 0.0632423
9445.0 0.0630829
9446.62 0.0629234
9448.23 0.0627638
9449.85 0.0626042
9451.47 0.0624445
9453.08 0.0622808
9454.7 0.0621082
9456.32 0.0619358
9457.94 0.0617632
9459.56 0.0615907
9461.17 0.061418
9462.79 0.061244
9464.41 0.0610601
9466.03 0.0608759
9467.65 0.060692
9469.27 0.0605079
9470.89 0.060324
9472.51 0.0601399
9474.13 0.0599429
9475.75 0.059745
9477.38 0.0595472
9479.0 0.0593498
9480.62 0.0591522
9482.24 0.0589547
9483.86 0.0587483
9485.48 0.0585397
9487.11 0.0583311
9488.73 0.0581228
9490.35 0.0579144
9491.98 0.0577063
9493.6 0.0574938
9495.23 0.0572786
9496.85 0.0570635
9498.48 0.0568486
9500.1 0.0566375
9501.73 0.0564802
9503.35 0.0563188
9504.98 0.0561527
9506.6 0.0559866
9508.23 0.0558208
9509.86 0.055655
9511.48 0.0554892
9513.11 0.0553197
9514.74 0.055142
9516.37 0.0549643
9518.0 0.0547867
9519.62 0.0546092
9521.25 0.0544321
9522.88 0.0542535
9524.51 0.0540674
9526.14 0.0538814
9527.77 0.0536956
9529.4 0.05351
9531.03 0.0533246
9532.66 0.0531381
9534.29 0.0529108
9535.92 0.0526836
9537.56 0.052457
9539.19 0.0522305
9540.82 0.0520044
9542.45 0.0517785
9544.08 0.0514957
9545.72 0.0512069
9547.35 0.0509185
9548.98 0.0506309
9550.62 0.0503434
9552.25 0.0500568
9553.89 0.0497077
9555.52 0.0493412
9557.16 0.0489755
9558.79 0.0486107
9560.43 0.0482464
9562.06 0.0478829
9563.7 0.047419
9565.33 0.0469041
9566.97 0.0463905
9568.61 0.0458776
9570.25 0.0453663
9571.88 0.044856
9573.52 0.0442369
9575.16 0.0435283
9576.8 0.0428212
9578.44 0.0421162
9580.07 0.0414131
9581.71 0.0407121
9583.35 0.0399607
9584.99 0.0391461
9586.63 0.038334
9588.27 0.0375237
9589.91 0.0367159
9591.55 0.0359105
9593.2 0.0350578
9594.84 0.0341141
9596.48 0.0331738
9598.12 0.0322359
9599.76 0.0313004
9601.4 0.0303663
9603.05 0.0294126
9604.69 0.0283953
9606.33 0.0273813
9607.98 0.0263708
9609.62 0.0253637
9611.26 0.0243599
9612.91 0.0233767
9614.55 0.0224854
9616.2 0.0215967
9617.84 0.020711
9619.49 0.0198283
9621.14 0.0189488
9622.78 0.0180809
9624.43 0.0173118
9626.07 0.0165459
9627.72 0.0157817
9629.37 0.0150203
9631.02 0.0142616
9632.67 0.0135066
9634.31 0.0128658
9635.96 0.012227
9637.61 0.01159
9639.26 0.0109558
9640.91 0.0103235
9642.56 0.00969385
9644.21 0.00923005
9645.86 0.00877706
9647.51 0.00832575
9649.16 0.0078761
9650.81 0.00742787
9652.46 0.00698131
9654.11 0.00663784
9655.76 0.00630827
9657.42 0.00598033
9659.07 0.00565325
9660.72 0.00532721
9662.37 0.0050026
9664.03 0.0047413
9665.68 0.00449332
9667.33 0.00424645
9668.99 0.00400038
9670.64 0.00375526
9672.3 0.00351109
9673.95 0.00332857
9675.61 0.00316322
9677.26 0.00299843
9678.92 0.00283438
9680.57 0.00267087
9682.23 0.00250802
9683.89 0.00238165
9685.54 0.0022682
9687.2 0.00215521
9688.86 0.00204254
9690.52 0.00193038
9692.17 0.00181861
9693.83 0.00172633
9695.49 0.00164221
9697.15 0.00155842
9698.81 0.00147497
9700.47 0.00139187
9702.13 0.0013091
9703.79 0.00124191
9705.45 0.00118219
9707.11 0.00112271
9708.77 0.00106345
9710.43 0.00100443
9712.09 0.000945627
9713.75 0.000898744
9715.42 0.000858106
9717.08 0.000817639
9718.74 0.000777342
9720.4 0.000737192
9722.07 0.000697213
9723.73 0.000664287
9725.39 0.000635401
9727.06 0.000606621
9728.72 0.000577948
9730.39 0.000549415
9732.05 0.000521006
9733.72 0.000496353
9735.38 0.00047394
9737.05 0.000451638
9738.71 0.00042942
9740.38 0.000407288
9742.05 0.000385266
9743.71 0.000367865
9745.38 0.000353246
9747.05 0.000338709
9748.71 0.00032422
9750.38 0.000309795
9752.05 0.000295435
9753.72 0.000283137
9755.39 0.000272086
9757.06 0.000261084
9758.73 0.000250126
9760.4 0.000239218
9762.07 0.000228366
9763.74 0.000218365
9765.41 0.00020887
9767.08 0.000199419
9768.75 0.000190012
9770.42 0.000180644
9772.09 0.000171319
9773.76 0.000164624
9775.44 0.000159356
9777.11 0.000154111
9778.78 0.000148888
9780.46 0.000143687
9782.13 0.000138512
9783.8 0.000134106
9785.48 0.000130085
9787.15 0.000126086
9788.83 0.000122104
9790.5 0.00011814
9792.17 0.000114197
9793.85 0.000109399
9795.53 0.000104245
9797.2 9.91158e-05
9798.88 9.40096e-05
9800.55 8.89261e-05
9802.23 8.3863e-05
9803.91 8.08954e-05
9805.59 7.87154e-05
9807.26 7.65462e-05
9808.94 7.43853e-05
9810.62 7.22365e-05
9812.3 7.00972e-05
9813.98 6.87522e-05
9815.66 6.76529e-05
9817.34 6.6558e-05
9819.02 6.54682e-05
9820.7 6.43834e-05
9822.38 6.33036e-05
9824.06 6.03058e-05
9825.74 5.6878e-05
9827.42 5.34673e-05
9829.1 5.00756e-05
9830.78 4.67043e-05
9832.46 4.33515e-05
9834.15 4.27315e-05
9835.83 4.25457e-05
9837.51 4.23603e-05
9839.19 4.21751e-05
9840.88 4.19899e-05
9842.56 4.18049e-05
9844.25 4.10604e-05
9845.93 4.02698e-05
9847.61 3.9483e-05
9849.3 3.87002e-05
9850.98 3.79208e-05
9852.67 3.71458e-05
9854.35 3.5761e-05
9856.04 3.43712e-05
9857.73 3.29892e-05
9859.41 3.16151e-05
9861.1 3.0248e-05
9862.79 2.89145e-05
9864.48 2.80553e-05
9866.16 2.72014e-05
9867.85 2.63523e-05
9869.54 2.55075e-05
9871.23 2.46674e-05
9872.92 2.38826e-05
9874.61 2.34536e-05
9876.3 2.3027e-05
9877.99 2.26022e-05
9879.68 2.21798e-05
9881.37 2.17595e-05
9883.06 2.1362e-05
9884.75 2.10445e-05
9886.44 2.07289e-05
9888.13 2.04144e-05
9889.82 2.01018e-05
9891.51 1.97905e-05
9893.21 1.95908e-05
9894.9 1.96574e-05
9896.59 1.9723e-05
9898.29 1.97877e-05
9899.98 1.98514e-05
9901.67 1.99141e-05
9903.37 2.03358e-05
9905.06 2.13267e-05
9906.76 2.23108e-05
9908.45 2.32873e-05
9910.15 2.42563e-05
9911.84 2.52177e-05
9913.54 2.49936e-05
9915.23 2.35204e-05
9916.93 2.20571e-05
9918.63 2.06037e-05
9920.32 1.91594e-05
9922.02 1.7725e-05
9923.72 1.66531e-05
9925.42 1.58344e-05
9927.12 1.50213e-05
9928.81 1.42142e-05
9930.51 1.34117e-05
9932.21 1.26148e-05
9933.91 1.25353e-05
9935.61 1.27607e-05
9937.31 1.29842e-05
9939.01 1.32055e-05
9940.71 1.34248e-05
9942.41 1.3642e-05
9944.11 1.38078e-05
9945.81 1.3961e-05
9947.52 1.41126e-05
9949.22 1.42625e-05
9950.92 1.44108e-05
9952.62 1.45574e-05
9954.33 1.40949e-05
9956.03 1.35962e-05
9957.73 1.31006e-05
9959.44 1.26092e-05
9961.14 1.21207e-05
9962.84 1.16925e-05
9964.55 1.20568e-05
9966.25 1.24178e-05
9967.96 1.27754e-05
9969.67 1.31298e-05
9971.37 1.34806e-05
9973.08 1.37733e-05
9974.78 1.38472e-05
9976.49 1.39201e-05
9978.2 1.39917e-05
9979.9 1.40622e-05
9981.61 1.41315e-05
9983.32 1.41212e-05
9985.03 1.39597e-05
9986.74 1.37992e-05
9988.44 1.36393e-05
9990.15 1.34804e-05
9991.86 1.33221e-05
9993.57 1.2942e-05
9995.28 1.23309e-05
9996.99 1.17244e-05
9998.7 1.11233e-05
10000.4 1.05286e-05
10002.1 9.94412e-06
10003.8 9.38788e-06
10005.5 8.8497e-06
10007.3 8.31518e-06
10009.0 7.78465e-06
10010.7 7.25779e-06
10012.4 6.73492e-06
10014.1 6.94048e-06
10015.8 7.32809e-06
10017.5 7.71228e-06
10019.3 8.09305e-06
10021.0 8.47039e-06
10022.7 8.8443e-06
10024.4 8.49751e-06
10026.1 8.12364e-06
10027.8 7.7524e-06
10029.5 7.384e-06
10031.3 7.01843e-06
10033.0 6.69176e-06
10034.7 6.60997e-06
10036.4 6.52863e-06
10038.1 6.44773e-06
10039.8 6.36729e-06
10041.6 6.28719e-06
10043.3 6.49555e-06
10045.0 7.3547e-06
10046.7 8.20594e-06
10048.4 9.04927e-06
10050.2 9.88516e-06
10051.9 1.07126e-05
10053.6 1.13748e-05
10055.3 1.18644e-05
10057.0 1.23493e-05
10058.8 1.28292e-05
10060.5 1.33042e-05
10062.2 1.37743e-05
10063.9 1.30296e-05
10065.6 1.17048e-05
10067.4 1.03926e-05
10069.1 9.09233e-06
10070.8 7.80326e-06
10072.5 6.52542e-06
10074.3 6.19328e-06
10076.0 6.00818e-06
10077.7 5.82459e-06
10079.4 5.6424e-06
10081.1 5.46171e-06
10082.9 5.27354e-06
10084.6 4.95623e-06
10086.3 4.64166e-06
10088.0 4.33001e-06
10089.8 4.0211e-06
10091.5 3.7151e-06
10093.2 3.66278e-06
10095.0 4.29182e-06
10096.7 4.91448e-06
10098.4 5.5304e-06
10100.1 6.13923e-06
10101.9 6.74198e-06
10103.6 7.12578e-06
10105.3 7.27404e-06
10107.1 7.42038e-06
10108.8 7.56469e-06
10110.5 7.70699e-06
10112.2 7.84725e-06
10114.0 7.95351e-06
10115.7 8.04392e-06
10117.4 8.13292e-06
10119.2 8.22036e-06
10120.9 8.30633e-06
10122.6 8.39082e-06
10124.4 7.89456e-06
10126.1 7.34912e-06
10127.8 6.80946e-06
10129.6 6.27527e-06
10131.3 5.74715e-06
10133.0 5.34475e-06
10134.8 5.67583e-06
10136.5 6.00276e-06
10138.2 6.32535e-06
10140.0 6.64359e-06
10141.7 6.95764e-06
10143.4 7.15363e-06
10145.2 7.15769e-06
10146.9 7.16115e-06
10148.6 7.164e-06
10150.4 7.16624e-06
10152.1 7.16785e-06
10153.8 7.03534e-06
10155.6 6.81988e-06
10157.3 6.60662e-06
10159.1 6.39542e-06
10160.8 6.18642e-06
10162.5 5.97972e-06
10164.3 5.46446e-06
10166.0 4.90356e-06
10167.8 4.34972e-06
10169.5 3.80296e-06
10171.2 3.26295e-06
10173.0 2.79397e-06
10174.7 2.86966e-06
10176.5 2.944e-06
10178.2 3.01697e-06
10179.9 3.08864e-06
10181.7 3.15901e-06
10183.4 3.24514e-06
10185.2 3.35965e-06
10186.9 3.47213e-06
10188.6 3.58265e-06
10190.4 3.69113e-06
10192.1 3.79763e-06
10193.9 3.99317e-06
10195.6 4.24029e-06
10197.4 4.48314e-06
10199.1 4.72185e-06
10200.9 4.96487e-06
10202.6 5.21395e-06
10204.3 5.05009e-06
10206.1 4.83626e-06
10207.8 4.62411e-06
10209.6 4.41375e-06
10211.3 4.20485e-06
10213.1 4.04778e-06
10214.8 4.15224e-06
10216.6 4.2556e-06
10218.3 4.35785e-06
10220.1 4.45899e-06
10221.8 4.55906e-06
10223.6 4.52681e-06
10225.3 4.32815e-06
10227.1 4.13092e-06
10228.8 3.93545e-06
10230.6 3.74141e-06
10232.3 3.54912e-06
10234.1 3.34634e-06
10235.8 3.14071e-06
10237.6 2.93679e-06
10239.3 2.73479e-06
10241.1 2.53461e-06
10242.8 2.34225e-06
10244.6 2.70128e-06
10246.3 3.05686e-06
10248.1 3.40898e-06
10249.8 3.75726e-06
10251.6 4.10206e-06
10253.3 4.31095e-06
10255.1 4.21938e-06
10256.9 4.12856e-06
10258.6 4.0384e-06
10260.4 3.94894e-06
10262.1 3.86013e-06
10263.9 3.68025e-06
10265.6 3.44271e-06
10267.4 3.20734e-06
10269.1 2.97427e-06
10270.9 2.74348e-06
10272.7 2.51499e-06
10274.4 2.58338e-06
10276.2 2.67948e-06
10277.9 2.77437e-06
10279.7 2.86812e-06
10281.5 2.96066e-06
10283.2 3.03863e-06
10285.0 3.06909e-06
10286.7 3.09904e-06
10288.5 3.12843e-06
10290.2 3.15729e-06
10292.0 3.18563e-06
10293.8 3.23401e-06
10295.5 3.29902e-06
10297.3 3.3631e-06
10299.1 3.4262e-06
10300.8 3.48835e-06
10302.6 3.54951e-06
10304.3 3.56294e-06
10306.1 3.56852e-06
10307.9 3.57377e-06
10309.6 3.57869e-06
10311.4 3.58328e-06
10313.2 3.58753e-06
10314.9 3.59146e-06
10316.7 3.59506e-06
10318.5 3.59833e-06
10320.2 3.60126e-06
10322.0 3.60386e-06
10323.8 3.4753e-06
10325.5 3.22951e-06
10327.3 2.98662e-06
10329.1 2.74663e-06
10330.8 2.50941e-06
10332.6 2.27509e-06
10334.4 2.27511e-06
10336.1 2.31175e-06
10337.9 2.34772e-06
10339.7 2.38297e-06
10341.4 2.41753e-06
10343.2 2.41875e-06
10345.0 2.29466e-06
10346.7 2.17201e-06
10348.5 2.05086e-06
10355.6 2.02104e-06
10357.4 2.18482e-06
10359.1 2.34586e-06
10360.9 2.50433e-06
10362.7 2.66024e-06
10364.5 2.49452e-06
10366.2 2.30035e-06
10368.0 2.10877e-06
10382.2 2.02302e-06
