5260.47 2.36444e-06
5261.38 2.43752e-06
5262.27 2.538e-06
5263.18 2.64155e-06
5264.08 2.74516e-06
5264.98 2.8487e-06
5265.88 2.9523e-06
5266.78 3.0559e-06
5267.68 3.15949e-06
5268.58 3.26314e-06
5269.48 3.36679e-06
5270.38 3.47048e-06
5271.29 3.57418e-06
5272.19 3.73123e-06
5273.09 3.90178e-06
5273.99 4.07224e-06
5274.89 4.24269e-06
5275.8 4.41332e-06
5276.7 4.58395e-06
5277.6 4.75458e-06
5278.5 4.9252e-06
5279.41 5.0959e-06
5280.31 5.26661e-06
5281.21 5.4373e-06
5282.12 5.64396e-06
5283.02 5.86455e-06
5283.93 6.08525e-06
5284.83 6.30606e-06
5285.73 6.52687e-06
5286.64 6.74767e-06
5287.54 6.96847e-06
5288.45 7.18938e-06
5289.35 7.4104e-06
5290.26 7.6313e-06
5291.16 7.8522e-06
5292.07 8.0732e-06
5292.97 8.29421e-06
5293.88 8.51532e-06
5294.78 8.73643e-06
5295.69 8.95765e-06
5296.6 9.17875e-06
5297.5 9.40008e-06
5298.41 9.62129e-06
5299.32 9.84237e-06
5300.22 1.00637e-05
5301.13 1.02851e-05
5302.04 1.05064e-05
5302.94 1.07278e-05
5303.85 1.09494e-05
5304.76 1.11708e-05
5305.67 1.13923e-05
5306.57 1.16138e-05
5307.48 1.18353e-05
5308.39 1.20569e-05
5309.3 1.22785e-05
5310.21 1.25001e-05
5311.11 1.27219e-05
5312.02 1.29436e-05
5312.93 1.31654e-05
5313.84 1.33872e-05
5314.75 1.3609e-05
5315.66 1.38307e-05
5316.57 1.40526e-05
5317.48 1.42745e-05
5318.39 1.44965e-05
5319.3 1.47185e-05
5320.21 1.49405e-05
5321.12 1.51625e-05
5322.03 1.59237e-05
5322.94 1.70388e-05
5323.85 1.81532e-05
5324.76 1.92687e-05
5325.67 2.03842e-05
5326.58 2.14998e-05
5327.5 2.26152e-05
5328.41 2.37313e-05
5329.32 2.48479e-05
5330.23 2.59639e-05
5331.14 2.70804e-05
5332.05 2.85247e-05
5332.97 3.01655e-05
5333.88 3.18072e-05
5334.79 3.34488e-05
5335.7 3.50912e-05
5336.62 3.67336e-05
5337.53 3.8376e-05
5338.44 4.00183e-05
5339.36 4.16614e-05
5340.27 4.33036e-05
5341.18 4.49466e-05
5342.1 4.77083e-05
5343.01 5.10194e-05
5343.93 5.43304e-05
5344.84 5.76431e-05
5345.76 6.09557e-05
5346.67 6.42682e-05
5347.58 6.75825e-05
5348.5 7.0893e-05
5349.41 7.42088e-05
5350.33 7.75228e-05
5351.25 8.08383e-05
5352.16 8.51286e-05
5353.08 8.97728e-05
5353.99 9.44169e-05
5354.91 9.90609e-05
5355.82 0.000103705
5356.74 0.000108348
5357.66 0.000112994
5358.57 0.000117643
5359.49 0.000122289
5360.41 0.000126939
5361.33 0.000131587
5362.24 0.000138454
5363.16 0.000145809
5364.08 0.000153163
5365.0 0.000160517
5365.91 0.000167875
5366.83 0.000175233
5367.75 0.000182594
5368.67 0.000189955
5369.59 0.000197316
5370.51 0.000204681
5371.42 0.000212045
5372.34 0.00022563
5373.26 0.00023971
5374.18 0.000253805
5375.1 0.000267906
5376.02 0.000282
5376.94 0.000296101
5377.86 0.000310202
5378.78 0.00032431
5379.7 0.000338417
5380.62 0.000352524
5381.54 0.000367092
5382.46 0.000390726
5383.38 0.00041436
5384.3 0.000438006
5385.23 0.000461638
5386.15 0.000485295
5387.07 0.000508939
5387.99 0.000532594
5388.91 0.000556249
5389.83 0.00057989
5390.76 0.000603556
5391.68 0.000630779
5392.6 0.000672657
5393.52 0.000714556
5394.45 0.000756454
5395.37 0.00079835
5396.29 0.000840268
5397.22 0.000882184
5398.14 0.000924077
5399.06 0.000966013
5399.99 0.00100795
5400.91 0.00104988
5401.83 0.00110441
5402.76 0.00118123
5403.68 0.00125805
5404.61 0.0013349
5405.53 0.00141172
5406.46 0.00148857
5407.38 0.00156541
5408.31 0.0016423
5409.23 0.00171918
5410.16 0.0017961
5411.08 0.00187302
5412.01 0.00198317
5412.94 0.00212085
5413.86 0.00225859
5414.79 0.00239626
5415.71 0.00253407
5416.64 0.0026718
5417.57 0.00280967
5418.5 0.00294747
5419.42 0.00308533
5420.35 0.00322319
5421.28 0.00336104
5422.2 0.00358075
5423.13 0.00382728
5424.06 0.00407394
5424.99 0.00432072
5425.92 0.00456748
5426.84 0.00481437
5427.77 0.00506113
5428.7 0.005308
5429.63 0.005555
5430.56 0.00580185
5431.49 0.00604869
5432.42 0.00650138
5433.35 0.00695906
5434.28 0.00741672
5435.21 0.00787436
5436.14 0.00833223
5437.07 0.00879008
5438.0 0.00924791
5438.93 0.00970597
5439.86 0.0101638
5440.79 0.0106218
5441.72 0.0111641
5442.65 0.0119993
5443.58 0.0128353
5444.51 0.0136709
5445.44 0.0145069
5446.38 0.0153428
5447.31 0.0161791
5448.24 0.0170154
5449.17 0.0178513
5450.1 0.0186875
5451.04 0.0195242
5451.97 0.0206588
5452.9 0.0221069
5453.84 0.0235549
5454.77 0.0250029
5455.7 0.0264508
5456.64 0.0278994
5457.57 0.0293472
5458.5 0.0307965
5459.44 0.0322449
5460.37 0.0336948
5461.31 0.0351439
5462.24 0.0372243
5463.17 0.03949
5464.11 0.0417557
5465.04 0.0440225
5465.98 0.046288
5466.91 0.0485546
5467.85 0.0508222
5468.78 0.0530898
5469.72 0.0553585
5470.66 0.0576259
5471.59 0.0599632
5472.53 0.0631245
5473.47 0.0662857
5474.4 0.0694435
5475.34 0.0726061
5476.27 0.0757669
5477.21 0.0789309
5478.15 0.0820931
5479.09 0.0852568
5480.02 0.0884204
5480.96 0.0915839
5481.9 0.0949457
5482.84 0.0985965
5483.77 0.102253
5484.71 0.105907
5485.65 0.109563
5486.59 0.113221
5487.53 0.116877
5488.47 0.120534
5489.41 0.124194
5490.35 0.127851
5491.29 0.131508
5492.22 0.134872
5493.16 0.138137
5494.1 0.141402
5495.04 0.144667
5495.98 0.147933
5496.93 0.151199
5497.87 0.154465
5498.81 0.157731
5499.75 0.160997
5500.69 0.164265
5501.63 0.167436
5502.57 0.169795
5503.51 0.172154
5504.45 0.174514
5505.4 0.176874
5506.34 0.179234
5507.28 0.181593
5508.22 0.183953
5509.16 0.186314
5510.11 0.188675
5511.05 0.191037
5511.99 0.192943
5512.94 0.194375
5513.88 0.195805
5514.82 0.197237
5515.77 0.198669
5516.71 0.2001
5517.65 0.201532
5518.6 0.202964
5519.54 0.204396
5520.49 0.205829
5521.43 0.207261
5522.38 0.208091
5523.32 0.208846
5524.27 0.209602
5525.21 0.210357
5526.16 0.211113
5527.1 0.211868
5528.05 0.212624
5528.99 0.21338
5529.94 0.214137
5530.88 0.214893
5531.83 0.215524
5532.78 0.215878
5533.72 0.216232
5534.67 0.216586
5535.62 0.21694
5536.56 0.217294
5537.51 0.217648
5538.46 0.218003
5539.41 0.218357
5540.35 0.218712
5541.3 0.219066
5542.25 0.219349
5543.2 0.219608
5544.15 0.219868
5545.1 0.220127
5546.04 0.220387
5546.99 0.220647
5547.94 0.220906
5548.89 0.221166
5549.84 0.221426
5550.79 0.221685
5551.74 0.221952
5552.69 0.222243
5553.64 0.222534
5554.59 0.222825
5555.54 0.223117
5556.49 0.223408
5557.44 0.2237
5558.39 0.223991
5559.34 0.224283
5560.29 0.224574
5561.25 0.224866
5562.2 0.225133
5563.15 0.22539
5564.1 0.225647
5565.05 0.225904
5566.01 0.22616
5566.96 0.226417
5567.91 0.226674
5568.86 0.226931
5569.82 0.227188
5570.77 0.227445
5571.72 0.227703
5572.68 0.227967
5573.63 0.228232
5574.58 0.228496
5575.54 0.22876
5576.49 0.229025
5577.44 0.229289
5578.4 0.229554
5579.35 0.229818
5580.31 0.230083
5581.26 0.230348
5582.22 0.23056
5583.17 0.230751
5584.13 0.230941
5585.08 0.231131
5586.04 0.231322
5586.99 0.231512
5587.95 0.231703
5588.91 0.231893
5589.86 0.232084
5590.82 0.232274
5591.78 0.232454
5592.73 0.2326
5593.69 0.232746
5594.65 0.232892
5595.6 0.233038
5596.56 0.233184
5597.52 0.23333
5598.48 0.233476
5599.43 0.233621
5600.39 0.233767
5601.35 0.233913
5602.31 0.233977
5603.27 0.234018
5604.23 0.234059
5605.18 0.2341
5606.14 0.234141
5607.1 0.234182
5608.06 0.234223
5609.02 0.234265
5609.98 0.234306
5610.94 0.234347
5611.9 0.234343
5612.86 0.234259
5613.82 0.234176
5614.78 0.234092
5615.74 0.234008
5616.7 0.233924
5617.66 0.23384
5618.63 0.233756
5619.59 0.233672
5620.55 0.233588
5621.51 0.233504
5622.47 0.233381
5623.43 0.233256
5624.4 0.233131
5625.36 0.233005
5626.32 0.23288
5627.28 0.232755
5628.25 0.232629
5629.21 0.232504
5630.17 0.232378
5631.14 0.232246
5632.1 0.232063
5633.06 0.231839
5634.03 0.231615
5634.99 0.23139
5635.95 0.231166
5636.92 0.230942
5637.88 0.230718
5638.85 0.230493
5639.81 0.230269
5640.78 0.230045
5641.74 0.229811
5642.71 0.229537
5643.67 0.229263
5644.64 0.228989
5645.6 0.228715
5646.57 0.228442
5647.54 0.228167
5648.5 0.227893
5649.47 0.227619
5650.44 0.227345
5651.4 0.227071
5652.37 0.226752
5653.34 0.226424
5654.3 0.226096
5655.27 0.225767
5656.24 0.225439
5657.21 0.22511
5658.17 0.224782
5659.14 0.224453
5660.11 0.224125
5661.08 0.223796
5662.05 0.223515
5663.02 0.223281
5663.99 0.223048
5664.95 0.222815
5665.92 0.222582
5666.89 0.222348
5667.86 0.222115
5668.83 0.221882
5669.8 0.221648
5670.77 0.221415
5671.74 0.221194
5672.71 0.221036
5673.68 0.220877
5674.65 0.220718
5675.63 0.220559
5676.6 0.220401
5677.57 0.220242
5678.54 0.220083
5679.51 0.219924
5680.48 0.219765
5681.45 0.219607
5682.43 0.219484
5683.4 0.219366
5684.37 0.219249
5685.34 0.219131
5686.32 0.219014
5687.29 0.218896
5688.26 0.218779
5689.24 0.218661
5690.21 0.218544
5691.18 0.218426
5692.16 0.218327
5693.13 0.21824
5694.1 0.218153
5695.08 0.218066
5696.05 0.217979
5697.03 0.217892
5698.0 0.217805
5698.98 0.217718
5699.95 0.217631
5700.93 0.217545
5701.9 0.217496
5702.88 0.217525
5703.85 0.217554
5704.83 0.217582
5705.81 0.217611
5706.78 0.21764
5707.76 0.217669
5708.73 0.217698
5709.71 0.217727
5710.69 0.217756
5711.67 0.217796
5712.64 0.217959
5713.62 0.218123
5714.6 0.218287
5715.58 0.218451
5716.55 0.218614
5717.53 0.218778
5718.51 0.218942
5719.49 0.219105
5720.47 0.219269
5721.45 0.219433
5722.42 0.219675
5723.4 0.219931
5724.38 0.220187
5725.36 0.220442
5726.34 0.220698
5727.32 0.220954
5728.3 0.22121
5729.28 0.221465
5730.26 0.221721
5731.24 0.221977
5732.22 0.222226
5733.2 0.222472
5734.18 0.222718
5735.17 0.222964
5736.15 0.22321
5737.13 0.223457
5738.11 0.223703
5739.09 0.223949
5740.07 0.224195
5741.06 0.224441
5742.04 0.224687
5743.02 0.224931
5744.0 0.225176
5744.99 0.225421
5745.97 0.225666
5746.95 0.225911
5747.94 0.226156
5748.92 0.226401
5749.9 0.226646
5750.89 0.226891
5751.87 0.227155
5752.85 0.227471
5753.84 0.227788
5754.82 0.228104
5755.81 0.22842
5756.79 0.228736
5757.78 0.229052
5758.76 0.229369
5759.75 0.229685
5760.73 0.230001
5761.72 0.230311
5762.7 0.230572
5763.69 0.230833
5764.68 0.231095
5765.66 0.231356
5766.65 0.231617
5767.64 0.231878
5768.62 0.23214
5769.61 0.232401
5770.6 0.232662
5771.58 0.232923
5772.57 0.233087
5773.56 0.23325
5774.55 0.233412
5775.54 0.233575
5776.52 0.233737
5777.51 0.2339
5778.5 0.234062
5779.49 0.234225
5780.48 0.234387
5781.47 0.23455
5782.46 0.234627
5783.45 0.23469
5784.44 0.234754
5785.42 0.234818
5786.41 0.234881
5787.4 0.234945
5788.39 0.235009
5789.38 0.235072
5790.38 0.235136
5791.37 0.2352
5792.36 0.235212
5793.35 0.235209
5794.34 0.235206
5795.33 0.235203
5796.32 0.2352
5797.31 0.235196
5798.31 0.235193
5799.3 0.23519
5800.29 0.235187
5801.28 0.235184
5802.28 0.235095
5803.27 0.234964
5804.26 0.234834
5805.25 0.234703
5806.25 0.234573
5807.24 0.234442
5808.23 0.234311
5809.23 0.234181
5810.22 0.23405
5811.22 0.23392
5812.21 0.233715
5813.2 0.233461
5814.2 0.233207
5815.19 0.232953
5816.19 0.232699
5817.18 0.232445
5818.18 0.232191
5819.17 0.231937
5820.17 0.231683
5821.17 0.231429
5822.16 0.231148
5823.16 0.230843
5824.15 0.230539
5825.15 0.230235
5826.15 0.229931
5827.14 0.229626
5828.14 0.229322
5829.14 0.229017
5830.14 0.228713
5831.13 0.228412
5832.13 0.228125
5833.13 0.227852
5834.13 0.227578
5835.12 0.227304
5836.12 0.22703
5837.12 0.226756
5838.12 0.226482
5839.12 0.226208
5840.12 0.225933
5841.12 0.22566
5842.12 0.22539
5843.12 0.225126
5844.12 0.224861
5845.12 0.224597
5846.12 0.224332
5847.12 0.224067
5848.12 0.223803
5849.12 0.223538
5850.12 0.223274
5851.12 0.223009
5852.12 0.22273
5853.12 0.222438
5854.12 0.222146
5855.12 0.221854
5856.13 0.221562
5857.13 0.221269
5858.13 0.220977
5859.13 0.220685
5860.14 0.220393
5861.14 0.2201
5862.14 0.219823
5863.14 0.219559
5864.15 0.219295
5865.15 0.219031
5866.15 0.218767
5867.16 0.218503
5868.16 0.218239
5869.17 0.217975
5870.17 0.21771
5871.17 0.217446
5872.18 0.217252
5873.18 0.217114
5874.19 0.216977
5875.19 0.21684
5876.2 0.216702
5877.2 0.216565
5878.21 0.216428
5879.21 0.21629
5880.22 0.216153
5881.23 0.216015
5882.23 0.215976
5883.24 0.216003
5884.25 0.21603
5885.25 0.216057
5886.26 0.216083
5887.27 0.21611
5888.27 0.216137
5889.28 0.216164
5890.29 0.216191
5891.3 0.216218
5892.31 0.216286
5893.31 0.216374
5894.32 0.216463
5895.33 0.216551
5896.34 0.21664
5897.35 0.216728
5898.36 0.216817
5899.37 0.216905
5900.38 0.216994
5901.38 0.217082
5902.39 0.217172
5903.4 0.217261
5904.41 0.21735
5905.42 0.217439
5906.43 0.217529
5907.45 0.217618
5908.46 0.217708
5909.47 0.217797
5910.48 0.217886
5911.49 0.217976
5912.5 0.218118
5913.51 0.218269
5914.52 0.218421
5915.54 0.218572
5916.55 0.218723
5917.56 0.218874
5918.57 0.219026
5919.59 0.219177
5920.6 0.219328
5921.61 0.21948
5922.62 0.219745
5923.64 0.220013
5924.65 0.220281
5925.67 0.220549
5926.68 0.220817
5927.69 0.221085
5928.71 0.221353
5929.72 0.221622
5930.74 0.22189
5931.75 0.222166
5932.77 0.222502
5933.78 0.222839
5934.8 0.223176
5935.81 0.223513
5936.83 0.223851
5937.84 0.224188
5938.86 0.224525
5939.88 0.224862
5940.89 0.225199
5941.91 0.225524
5942.92 0.225815
5943.94 0.226106
5944.96 0.226397
5945.98 0.226688
5946.99 0.226979
5948.01 0.22727
5949.03 0.227561
5950.05 0.227852
5951.06 0.228144
5952.08 0.2284
5953.1 0.228608
5954.12 0.228817
5955.14 0.229025
5956.16 0.229234
5957.18 0.229442
5958.19 0.229651
5959.21 0.229859
5960.23 0.230068
5961.25 0.230277
5962.27 0.230465
5963.29 0.23064
5964.31 0.230815
5965.33 0.230991
5966.35 0.231166
5967.38 0.231341
5968.4 0.231516
5969.42 0.231692
5970.44 0.231867
5971.46 0.232043
5972.48 0.232174
5973.5 0.232296
5974.53 0.232417
5975.55 0.232539
5976.57 0.23266
5977.59 0.232782
5978.62 0.232904
5979.64 0.233025
5980.66 0.233147
5981.69 0.233266
5982.71 0.233294
5983.73 0.233322
5984.76 0.23335
5985.78 0.233378
5986.8 0.233405
5987.83 0.233433
5988.85 0.233461
5989.88 0.233489
5990.9 0.233517
5991.93 0.233502
5992.95 0.233367
5993.98 0.233231
5995.0 0.233096
5996.03 0.23296
5997.05 0.232825
5998.08 0.232689
5999.11 0.232554
6000.13 0.232421
6001.16 0.232303
6002.19 0.232154
6003.21 0.231974
6004.24 0.231794
6005.27 0.231615
6006.3 0.231435
6007.32 0.231255
6008.35 0.231075
6009.38 0.230895
6010.41 0.230715
6011.44 0.230536
6012.46 0.230342
6013.49 0.230145
6014.52 0.229948
6015.55 0.22975
6016.58 0.229553
6017.61 0.229355
6018.64 0.229158
6019.67 0.22896
6020.7 0.228762
6021.73 0.228564
6022.76 0.228349
6023.79 0.228134
6024.82 0.227919
6025.85 0.227704
6026.88 0.227489
6027.91 0.227274
6028.94 0.227059
6029.98 0.226844
6031.01 0.226626
6032.04 0.226371
6033.07 0.226052
6034.1 0.225732
6035.14 0.225412
6036.17 0.225092
6037.2 0.224772
6038.23 0.224452
6039.27 0.224131
6040.3 0.223811
6041.33 0.223491
6042.37 0.223145
6043.4 0.222787
6044.44 0.222429
6045.47 0.222071
6046.5 0.221713
6047.54 0.221355
6048.57 0.220997
6049.61 0.220638
6050.64 0.220279
6051.68 0.219921
6052.71 0.219678
6053.75 0.219434
6054.79 0.21919
6055.82 0.218947
6056.86 0.218703
6057.89 0.218459
6058.93 0.218215
6059.97 0.217971
6061.0 0.217727
6062.04 0.217514
6063.08 0.21736
6064.12 0.217206
6065.15 0.217052
6066.19 0.216898
6067.23 0.216744
6068.27 0.216589
6069.31 0.216435
6070.34 0.216281
6071.38 0.216127
6072.42 0.216022
6073.46 0.215937
6074.5 0.215851
6075.54 0.215766
6076.58 0.215681
6077.62 0.215596
6078.66 0.21551
6079.7 0.215425
6080.74 0.21534
6081.78 0.215253
6082.82 0.215152
6083.86 0.215051
6084.9 0.21495
6085.94 0.214848
6086.98 0.214747
6088.02 0.214646
6089.07 0.214545
6090.11 0.214443
6091.15 0.214342
6092.19 0.214255
6093.23 0.214182
6094.28 0.214109
6095.32 0.214036
6096.36 0.213963
6097.41 0.21389
6098.45 0.213818
6099.49 0.213745
6100.54 0.213672
6101.58 0.213599
6102.62 0.213626
6103.67 0.213666
6104.71 0.213705
6105.76 0.213745
6106.8 0.213785
6107.85 0.213824
6108.89 0.213864
6109.94 0.213903
6110.98 0.213943
6112.03 0.214027
6113.07 0.214206
6114.12 0.214385
6115.16 0.214564
6116.21 0.214743
6117.26 0.214923
6118.3 0.215102
6119.35 0.215281
6120.4 0.21546
6121.44 0.21564
6122.49 0.215835
6123.54 0.216035
6124.59 0.216236
6125.64 0.216436
6126.68 0.216637
6127.73 0.216838
6128.78 0.217038
6129.83 0.217239
6130.88 0.21744
6131.93 0.217626
6132.98 0.217759
6134.02 0.217893
6135.07 0.218027
6136.12 0.21816
6137.17 0.218294
6138.22 0.218428
6139.27 0.218562
6140.32 0.218696
6141.37 0.218829
6142.43 0.218959
6143.48 0.219086
6144.53 0.219214
6145.58 0.219341
6146.63 0.219469
6147.68 0.219597
6148.73 0.219724
6149.79 0.219852
6150.84 0.219979
6151.89 0.220112
6152.94 0.220266
6154.0 0.220421
6155.05 0.220576
6156.1 0.22073
6157.15 0.220885
6158.21 0.22104
6159.26 0.221194
6160.32 0.221349
6161.37 0.221504
6162.42 0.221701
6163.48 0.221918
6164.53 0.222136
6165.59 0.222353
6166.64 0.22257
6167.7 0.222787
6168.75 0.223005
6169.81 0.223222
6170.86 0.22344
6171.92 0.223639
6172.98 0.223767
6174.03 0.223896
6175.09 0.224024
6176.14 0.224152
6177.2 0.22428
6178.26 0.224408
6179.32 0.224537
6180.37 0.224665
6181.43 0.224793
6182.49 0.224851
6183.55 0.224884
6184.6 0.224916
6185.66 0.224949
6186.72 0.224982
6187.78 0.225014
6188.84 0.225047
6189.9 0.225079
6190.96 0.225112
6192.01 0.225126
6193.07 0.225091
6194.13 0.225057
6195.19 0.225022
6196.25 0.224988
6197.31 0.224953
6198.37 0.224919
6199.43 0.224884
6200.5 0.224849
6201.56 0.224815
6202.62 0.224795
6203.68 0.224778
6204.74 0.224761
6205.8 0.224744
6206.86 0.224726
6207.92 0.224709
6208.99 0.224692
6210.05 0.224675
6211.11 0.224657
6212.17 0.224651
6213.24 0.224659
6214.3 0.224667
6215.36 0.224675
6216.43 0.224683
6217.49 0.224691
6218.55 0.224699
6219.62 0.224707
6220.68 0.224715
6221.75 0.224721
6222.81 0.224646
6223.88 0.224571
6224.94 0.224496
6226.01 0.224422
6227.07 0.224347
6228.14 0.224272
6229.2 0.224197
6230.27 0.224123
6231.33 0.224049
6232.4 0.223921
6233.47 0.223762
6234.53 0.223602
6235.6 0.223443
6236.67 0.223283
6237.73 0.223123
6238.8 0.222963
6239.87 0.222804
6240.94 0.222644
6242.0 0.222485
6243.07 0.22233
6244.14 0.222176
6245.21 0.222021
6246.28 0.221866
6247.35 0.221711
6248.41 0.221556
6249.48 0.221401
6250.55 0.221246
6251.62 0.221091
6252.69 0.221022
6253.76 0.220964
6254.83 0.220905
6255.9 0.220846
6256.97 0.220788
6258.04 0.220729
6259.11 0.22067
6260.18 0.220612
6261.26 0.220553
6262.33 0.220528
6263.4 0.220531
6264.47 0.220535
6265.54 0.220538
6266.61 0.220541
6267.69 0.220544
6268.76 0.220547
6269.83 0.22055
6270.9 0.220553
6271.98 0.220543
6273.05 0.220487
6274.12 0.220432
6275.2 0.220376
6276.27 0.220321
6277.34 0.220265
6278.42 0.22021
6279.49 0.220154
6280.57 0.220098
6281.64 0.220043
6282.71 0.219962
6283.79 0.219878
6284.87 0.219794
6285.94 0.219711
6287.02 0.219627
6288.09 0.219543
6289.17 0.219459
6290.24 0.219376
6291.32 0.219292
6292.4 0.219215
6293.47 0.219142
6294.55 0.219069
6295.63 0.218996
6296.7 0.218923
6297.78 0.21885
6298.86 0.218777
6299.94 0.218704
6301.01 0.218631
6302.09 0.218597
6303.17 0.218645
6304.25 0.218693
6305.33 0.218742
6306.41 0.21879
6307.49 0.218838
6308.56 0.218886
6309.64 0.218935
6310.72 0.218983
6311.8 0.219035
6312.88 0.219147
6313.96 0.219259
6315.04 0.219372
6316.12 0.219484
6317.2 0.219597
6318.29 0.219709
6319.37 0.219822
6320.45 0.219934
6321.53 0.220047
6322.61 0.220121
6323.69 0.220185
6324.77 0.22025
6325.86 0.220314
6326.94 0.220378
6328.02 0.220443
6329.1 0.220507
6330.19 0.220572
6331.27 0.220636
6332.35 0.220659
6333.44 0.22065
6334.52 0.22064
6335.6 0.220631
6336.69 0.220621
6337.77 0.220612
6338.86 0.220603
6339.94 0.220593
6341.03 0.220583
6342.11 0.220567
6343.2 0.220536
6344.28 0.220506
6345.37 0.220475
6346.45 0.220445
6347.54 0.220414
6348.62 0.220383
6349.71 0.220353
6350.8 0.220322
6351.88 0.220299
6352.97 0.220338
6354.06 0.220377
6355.14 0.220416
6356.23 0.220455
6357.32 0.220494
6358.41 0.220534
6359.5 0.220573
6360.58 0.220612
6361.67 0.220651
6362.76 0.220709
6363.85 0.220769
6364.94 0.22083
6366.03 0.22089
6367.12 0.220951
6368.2 0.221011
6369.29 0.221071
6370.38 0.221132
6371.47 0.221192
6372.56 0.221245
6373.65 0.221295
6374.74 0.221345
6375.84 0.221395
6376.93 0.221444
6378.02 0.221494
6379.11 0.221544
6380.2 0.221594
6381.29 0.221644
6382.38 0.221628
6383.48 0.22156
6384.57 0.221493
6385.66 0.221426
6386.75 0.221359
6387.85 0.221291
6388.94 0.221224
6390.03 0.221157
6391.12 0.221089
6392.22 0.220996
6393.31 0.220866
6394.41 0.220736
6395.5 0.220606
6396.59 0.220476
6397.69 0.220346
6398.78 0.220216
6399.88 0.220086
6400.97 0.219956
6402.07 0.219846
6403.16 0.219787
6404.26 0.219729
6405.35 0.219671
6406.45 0.219613
6407.55 0.219554
6408.64 0.219496
6409.74 0.219438
6410.84 0.219379
6411.93 0.21933
6413.03 0.219332
6414.13 0.219334
6415.22 0.219336
6416.32 0.219338
6417.42 0.219341
6418.52 0.219343
6419.62 0.219345
6420.71 0.219347
6421.81 0.21935
6422.91 0.21937
6424.01 0.219391
6425.11 0.219411
6426.21 0.219431
6427.31 0.219452
6428.41 0.219472
6429.51 0.219492
6430.61 0.21951
6431.71 0.219526
6432.81 0.219476
6433.91 0.219422
6435.01 0.219367
6436.11 0.219313
6437.21 0.219258
6438.31 0.219204
6439.42 0.219149
6440.52 0.219095
6441.62 0.21904
6442.72 0.218957
6443.82 0.218869
6444.93 0.218781
6446.03 0.218692
6447.13 0.218604
6448.23 0.218516
6449.34 0.218428
6450.44 0.218339
6451.54 0.218251
6452.65 0.218189
6453.75 0.218133
6454.86 0.218078
6455.96 0.218023
6457.07 0.217967
6458.17 0.217912
6459.28 0.217857
6460.38 0.217801
6461.49 0.217746
6462.59 0.217796
6463.7 0.217885
6464.8 0.217975
6465.91 0.218064
6467.02 0.218154
6468.12 0.218243
6469.23 0.218333
6470.34 0.218422
6471.44 0.218511
6472.55 0.218654
6473.66 0.218822
6474.77 0.218989
6475.87 0.219156
6476.98 0.219323
6478.09 0.219491
6479.2 0.219658
6480.31 0.219825
6481.41 0.219993
6482.52 0.220138
6483.63 0.220272
6484.74 0.220407
6485.85 0.220541
6486.96 0.220675
6488.07 0.220809
6489.18 0.220944
6490.29 0.221078
6491.4 0.221212
6492.51 0.221319
6493.62 0.221411
6494.73 0.221503
6495.85 0.221595
6496.96 0.221687
6498.07 0.221778
6499.18 0.22187
6500.29 0.221952
6501.4 0.222004
6502.52 0.222048
6503.63 0.222088
6504.74 0.222128
6505.86 0.222168
6506.97 0.222208
6508.08 0.222248
6509.19 0.222288
6510.31 0.222328
6511.42 0.222368
6512.54 0.22248
6513.65 0.22263
6514.77 0.22278
6515.88 0.22293
6517.0 0.22308
6518.11 0.22323
6519.22 0.223379
6520.34 0.223529
6521.46 0.223678
6522.57 0.223865
6523.69 0.224067
6524.8 0.22427
6525.92 0.224472
6527.04 0.224675
6528.15 0.224877
6529.27 0.22508
6530.39 0.225282
6531.5 0.225484
6532.62 0.225687
6533.74 0.22589
6534.86 0.226094
6535.98 0.226297
6537.09 0.2265
6538.21 0.226703
6539.33 0.226906
6540.45 0.227109
6541.57 0.227311
6542.69 0.227447
6543.81 0.227566
6544.93 0.227684
6546.05 0.227802
6547.17 0.227921
6548.29 0.228039
6549.41 0.228157
6550.53 0.228275
6551.65 0.228393
6552.77 0.228453
6553.89 0.228504
6555.01 0.228554
6556.13 0.228604
6557.26 0.228655
6558.38 0.228705
6559.5 0.228755
6560.62 0.228805
6561.74 0.228855
6562.87 0.228886
6563.99 0.228915
6565.11 0.228944
6566.24 0.228972
6567.36 0.229001
6568.48 0.22903
6569.61 0.229059
6570.73 0.229088
6571.86 0.229116
6572.98 0.229146
6574.1 0.229175
6575.23 0.229205
6576.35 0.229234
6577.48 0.229264
6578.61 0.229293
6579.73 0.229323
6580.86 0.229352
6581.98 0.229378
6583.11 0.229392
6584.23 0.229406
6585.36 0.229419
6586.49 0.229433
6587.62 0.229446
6588.74 0.22946
6589.87 0.229473
6591.0 0.229486
6592.12 0.229469
6593.25 0.229369
6594.38 0.229269
6595.51 0.22917
6596.64 0.22907
6597.77 0.22897
6598.9 0.22887
6600.02 0.228771
6601.15 0.228671
6602.28 0.228529
6603.41 0.228326
6604.54 0.228124
6605.67 0.227922
6606.8 0.227719
6607.93 0.227517
6609.06 0.227314
6610.19 0.227112
6611.32 0.22691
6612.46 0.226696
6613.59 0.226474
6614.72 0.226251
6615.85 0.226029
6616.98 0.225806
6618.11 0.225584
6619.25 0.225361
6620.38 0.225139
6621.51 0.224917
6622.65 0.2247
6623.78 0.224485
6624.91 0.224269
6626.04 0.224054
6627.18 0.223839
6628.31 0.223624
6629.45 0.223409
6630.58 0.223189
6631.72 0.222964
6632.85 0.222776
6633.98 0.222592
6635.12 0.222408
6636.26 0.222224
6637.39 0.22204
6638.53 0.221855
6639.66 0.221671
6640.8 0.221487
6641.93 0.221297
6643.07 0.221043
6644.21 0.220789
6645.34 0.220534
6646.48 0.22028
6647.62 0.220026
6648.76 0.219773
6649.89 0.219519
6651.03 0.219265
6652.17 0.218996
6653.31 0.218691
6654.45 0.218386
6655.58 0.218081
6656.72 0.217776
6657.86 0.217471
6659.0 0.217166
6660.14 0.216862
6661.28 0.216557
6662.42 0.216246
6663.56 0.215929
6664.7 0.215612
6665.84 0.215294
6666.98 0.214977
6668.12 0.21466
6669.26 0.214344
6670.4 0.214027
6671.54 0.21371
6672.69 0.213447
6673.83 0.213202
6674.97 0.212958
6676.11 0.212714
6677.25 0.21247
6678.4 0.212226
6679.54 0.211982
6680.68 0.211738
6681.82 0.211494
6682.97 0.211391
6684.11 0.211292
6685.25 0.211192
6686.4 0.211093
6687.54 0.210993
6688.69 0.210894
6689.83 0.210794
6690.98 0.210695
6692.12 0.210607
6693.26 0.21056
6694.41 0.210512
6695.56 0.210464
6696.7 0.210416
6697.85 0.210368
6698.99 0.21032
6700.14 0.210272
6701.29 0.210224
6702.43 0.210174
6703.58 0.210121
6704.73 0.210069
6705.87 0.210017
6707.02 0.209964
6708.17 0.209912
6709.32 0.20986
6710.46 0.209807
6711.61 0.209755
6712.76 0.209689
6713.91 0.209619
6715.06 0.20955
6716.21 0.20948
6717.35 0.20941
6718.5 0.20934
6719.65 0.209271
6720.8 0.209201
6721.95 0.209134
6723.1 0.209092
6724.25 0.209051
6725.4 0.209009
6726.56 0.208968
6727.71 0.208926
6728.86 0.208885
6730.01 0.208843
6731.16 0.208802
6732.31 0.208793
6733.46 0.208833
6734.62 0.208874
6735.77 0.208915
6736.92 0.208956
6738.07 0.208997
6739.23 0.209037
6740.38 0.209078
6741.53 0.209119
6742.69 0.209253
6743.84 0.209425
6744.99 0.209597
6746.15 0.209768
6747.3 0.20994
6748.46 0.210111
6749.61 0.210283
6750.77 0.210454
6751.92 0.210626
6753.08 0.210811
6754.23 0.210996
6755.39 0.211181
6756.54 0.211366
6757.7 0.211551
6758.85 0.211736
6760.01 0.211921
6761.17 0.212106
6762.32 0.212275
6763.48 0.212421
6764.64 0.212567
6765.8 0.212713
6766.95 0.212858
6768.11 0.213004
6769.27 0.213149
6770.43 0.213295
6771.59 0.21344
6772.74 0.21353
6773.9 0.213603
6775.06 0.213675
6776.22 0.213747
6777.38 0.213819
6778.54 0.213891
6779.7 0.213963
6780.86 0.214035
6782.02 0.214099
6783.18 0.21411
6784.34 0.214122
6785.5 0.214133
6786.66 0.214144
6787.82 0.214155
6788.98 0.214167
6790.15 0.214178
6791.31 0.214189
6792.47 0.214205
6793.63 0.214227
6794.79 0.214248
6795.96 0.21427
6797.12 0.214291
6798.28 0.214312
6799.45 0.214334
6800.61 0.214355
6801.77 0.214376
6802.94 0.214375
6804.1 0.214371
6805.27 0.214368
6806.43 0.214364
6807.59 0.21436
6808.76 0.214356
6809.92 0.214353
6811.09 0.214349
6812.25 0.214327
6813.42 0.214269
6814.59 0.21421
6815.75 0.214152
6816.92 0.214093
6818.08 0.214034
6819.25 0.213976
6820.42 0.213917
6821.58 0.213859
6822.75 0.213719
6823.92 0.213552
6825.09 0.213385
6826.25 0.213219
6827.42 0.213052
6828.59 0.212885
6829.76 0.212718
6830.93 0.212556
6832.1 0.212376
6833.26 0.21211
6834.43 0.211845
6835.6 0.211579
6836.77 0.211314
6837.94 0.211048
6839.11 0.210783
6840.28 0.210518
6841.45 0.210252
6842.62 0.209979
6843.79 0.209701
6844.96 0.209422
6846.14 0.209144
6847.31 0.208866
6848.48 0.208588
6849.65 0.20831
6850.82 0.208032
6851.99 0.207757
6853.17 0.207502
6854.34 0.207247
6855.51 0.206993
6856.69 0.206738
6857.86 0.206484
6859.03 0.206229
6860.21 0.205975
6861.38 0.205721
6862.55 0.205496
6863.73 0.205294
6864.9 0.205092
6866.08 0.20489
6867.25 0.204688
6868.43 0.204486
6869.6 0.204285
6870.78 0.204083
6871.95 0.203881
6873.13 0.203673
6874.3 0.203465
6875.48 0.203258
6876.66 0.20305
6877.83 0.202842
6879.01 0.202635
6880.19 0.202427
6881.36 0.20222
6882.54 0.202005
6883.72 0.201783
6884.9 0.201561
6886.07 0.20134
6887.25 0.201119
6888.43 0.200897
6889.61 0.200676
6890.79 0.200455
6891.97 0.200234
6893.15 0.200024
6894.33 0.199814
6895.5 0.199603
6896.68 0.199393
6897.86 0.199183
6899.04 0.198973
6900.23 0.198762
6901.41 0.198552
6902.59 0.198364
6903.77 0.198193
6904.95 0.198021
6906.13 0.197849
6907.31 0.197677
6908.49 0.197505
6909.68 0.197334
6910.86 0.197162
6912.04 0.197004
6913.22 0.196948
6914.41 0.196893
6915.59 0.196838
6916.77 0.196782
6917.96 0.196727
6919.14 0.196672
6920.32 0.196616
6921.51 0.196561
6922.69 0.196556
6923.88 0.196577
6925.06 0.196599
6926.24 0.19662
6927.43 0.196641
6928.62 0.196662
6929.8 0.196683
6930.99 0.196704
6932.17 0.196725
6933.36 0.196742
6934.54 0.19676
6935.73 0.196778
6936.92 0.196795
6938.1 0.196813
6939.29 0.196831
6940.48 0.196848
6941.67 0.196866
6942.85 0.196839
6944.04 0.1968
6945.23 0.196761
6946.42 0.196723
6947.61 0.196684
6948.8 0.196645
6949.98 0.196607
6951.17 0.196568
6952.36 0.196508
6953.55 0.196414
6954.74 0.196319
6955.93 0.196225
6957.12 0.196131
6958.31 0.196037
6959.5 0.195942
6960.69 0.195848
6961.88 0.195754
6963.08 0.195656
6964.27 0.195557
6965.46 0.195459
6966.65 0.19536
6967.84 0.195262
6969.03 0.195163
6970.23 0.195065
6971.42 0.194967
6972.61 0.194906
6973.81 0.194873
6975.0 0.19484
6976.19 0.194807
6977.39 0.194773
6978.58 0.19474
6979.77 0.194707
6980.97 0.194674
6982.16 0.194669
6983.36 0.194782
6984.55 0.194894
6985.75 0.195006
6986.94 0.195119
6988.14 0.195231
6989.33 0.195343
6990.53 0.195455
6991.72 0.195568
6992.92 0.195808
6994.12 0.196074
6995.31 0.19634
6996.51 0.196606
6997.71 0.196872
6998.91 0.197138
7000.1 0.197402
7001.3 0.197642
7002.5 0.197931
7003.7 0.198276
7004.89 0.198621
7006.09 0.198966
7007.29 0.199311
7008.49 0.199655
7009.69 0.199999
7010.89 0.200342
7012.09 0.200673
7013.29 0.200914
7014.49 0.201155
7015.69 0.201396
7016.89 0.201637
7018.09 0.201878
7019.29 0.202118
7020.49 0.202359
7021.69 0.202599
7022.89 0.202341
7024.09 0.201956
7025.3 0.201571
7026.5 0.201186
7027.7 0.200801
7028.9 0.200417
7030.11 0.200031
7031.31 0.199639
7032.51 0.198605
7033.71 0.196863
7034.92 0.195124
7036.12 0.193385
7037.33 0.191648
7038.53 0.189912
7039.73 0.188176
7040.94 0.186442
7042.14 0.184394
7043.35 0.180788
7044.55 0.177181
7045.76 0.173576
7046.96 0.169974
7048.17 0.166374
7049.38 0.162777
7050.58 0.15918
7051.79 0.155588
7052.99 0.150765
7054.2 0.145766
7055.41 0.140766
7056.62 0.135769
7057.82 0.130775
7059.03 0.125786
7060.24 0.120801
7061.45 0.115815
7062.65 0.110868
7063.86 0.105944
7065.07 0.101027
7066.28 0.0961095
7067.49 0.0911962
7068.7 0.0862868
7069.91 0.0813776
7071.12 0.0764743
7072.33 0.0719867
7073.54 0.0684129
7074.75 0.0648406
7075.96 0.0612727
7077.17 0.0577063
7078.38 0.0541413
7079.59 0.0505778
7080.8 0.0470173
7082.01 0.0435271
7083.23 0.0413085
7084.44 0.0390916
7085.65 0.0368766
7086.86 0.0346634
7088.07 0.0324512
7089.29 0.0302399
7090.5 0.0280304
7091.71 0.0258218
7092.93 0.0243183
7094.14 0.0229908
7095.35 0.0216644
7096.57 0.0203391
7097.78 0.0190154
7099.0 0.0176912
7100.21 0.0163687
7101.42 0.0150467
7102.64 0.0140541
7103.86 0.0133187
7105.07 0.012584
7106.29 0.0118496
7107.5 0.0111159
7108.72 0.0103824
7109.93 0.0096501
7111.15 0.00891754
7112.37 0.00829504
7113.58 0.00789017
7114.8 0.00748546
7116.02 0.00708109
7117.24 0.00667689
7118.45 0.00627303
7119.67 0.0058695
7120.89 0.0054663
7122.11 0.00508285
7123.33 0.00484381
7124.55 0.00460496
7125.77 0.00436622
7126.98 0.00412768
7128.2 0.00388933
7129.42 0.00365109
7130.64 0.00341304
7131.86 0.00317519
7133.08 0.00302324
7134.3 0.00287928
7135.52 0.00273539
7136.75 0.00259156
7137.97 0.00244784
7139.19 0.00230425
7140.41 0.00216072
7141.63 0.0020173
7142.85 0.00191515
7144.07 0.00182869
7145.3 0.00174226
7146.52 0.00165591
7147.74 0.00156963
7148.97 0.00148338
7150.19 0.00139721
7151.41 0.00131111
7152.64 0.00124288
7153.86 0.00118972
7155.08 0.00113656
7156.31 0.00108342
7157.53 0.00103035
7158.76 0.000977302
7159.98 0.000924278
7161.21 0.000871298
7162.43 0.000825847
7163.66 0.000793019
7164.88 0.000760218
7166.11 0.000727419
7167.33 0.000694647
7168.56 0.000661889
7169.79 0.000629158
7171.01 0.000596455
7172.24 0.000565804
7173.47 0.000542576
7174.7 0.000519378
7175.92 0.000496198
7177.15 0.00047302
7178.38 0.00044986
7179.61 0.00042672
7180.83 0.000403591
7182.06 0.000381127
7183.29 0.000367426
7184.52 0.000353737
7185.75 0.000340054
7186.98 0.000326388
7188.21 0.000312728
7189.44 0.000299074
7190.67 0.000285431
7191.9 0.000271794
7193.13 0.000261636
7194.36 0.000251731
7195.59 0.000241833
7196.82 0.00023194
7198.05 0.000222063
7199.29 0.000212186
7200.52 0.000202314
7201.75 0.000192447
7202.98 0.000184691
7204.21 0.000177432
7205.45 0.000170176
7206.68 0.000162926
7207.91 0.000155682
7209.15 0.000148445
7210.38 0.00014121
7211.61 0.000133982
7212.85 0.000128413
7214.08 0.000123573
7215.32 0.000118735
7216.55 0.0001139
7217.78 0.00010907
7219.02 0.00010424
7220.25 9.94186e-05
7221.49 9.45972e-05
7222.73 9.10086e-05
7223.96 8.82589e-05
7225.2 8.55114e-05
7226.43 8.27652e-05
7227.67 8.00212e-05
7228.91 7.72785e-05
7230.14 7.45377e-05
7231.38 7.17972e-05
7232.62 6.92652e-05
7233.85 6.69388e-05
7235.09 6.46145e-05
7236.33 6.22924e-05
7237.57 5.99715e-05
7238.81 5.76529e-05
7240.05 5.53355e-05
7241.28 5.30203e-05
7242.52 5.08178e-05
7243.76 4.87632e-05
7245.0 4.67105e-05
7246.24 4.46589e-05
7247.48 4.26093e-05
7248.72 4.05607e-05
7249.96 3.85142e-05
7251.2 3.64687e-05
7252.44 3.4839e-05
7253.68 3.39511e-05
7254.92 3.30634e-05
7256.17 3.21765e-05
7257.41 3.12901e-05
7258.65 3.04045e-05
7259.89 2.95198e-05
7261.13 2.86352e-05
7262.38 2.769e-05
7263.62 2.66026e-05
7264.86 2.55165e-05
7266.1 2.44307e-05
7267.35 2.33459e-05
7268.59 2.22621e-05
7269.83 2.11785e-05
7271.08 2.00963e-05
7272.32 1.92852e-05
7273.57 1.92609e-05
7274.81 1.92367e-05
7276.05 1.92124e-05
7277.3 1.91881e-05
7278.54 1.91639e-05
7279.79 1.91397e-05
7281.04 1.91155e-05
7282.28 1.89763e-05
7283.53 1.84334e-05
7284.77 1.7891e-05
7286.02 1.73489e-05
7287.27 1.68076e-05
7288.51 1.62665e-05
7289.76 1.57257e-05
7291.01 1.51853e-05
7292.26 1.46718e-05
7293.5 1.42662e-05
7294.75 1.38608e-05
7296.0 1.34558e-05
7297.25 1.3051e-05
7298.5 1.26468e-05
7299.74 1.22428e-05
7300.99 1.1839e-05
7302.24 1.14545e-05
7303.49 1.11539e-05
7304.74 1.08533e-05
7305.99 1.05531e-05
7307.24 1.02531e-05
7308.49 9.95344e-06
7309.74 9.65404e-06
7310.99 9.35482e-06
7312.24 9.0662e-06
7313.49 8.82431e-06
7314.75 8.58265e-06
7316.0 8.34122e-06
7317.25 8.09993e-06
7318.5 7.85886e-06
7319.75 7.61803e-06
7321.01 7.37742e-06
7322.26 7.14725e-06
7323.51 6.96034e-06
7324.76 6.77353e-06
7326.02 6.58698e-06
7327.27 6.40045e-06
7328.52 6.21418e-06
7329.78 6.02802e-06
7331.03 5.84196e-06
7332.29 5.66582e-06
7333.54 5.52522e-06
7334.8 5.38475e-06
7336.05 5.24441e-06
7337.31 5.10415e-06
7338.56 4.96403e-06
7339.82 4.82404e-06
7341.07 4.68413e-06
7342.33 4.5515e-06
7343.58 4.44131e-06
7344.84 4.3311e-06
7346.1 4.22104e-06
7347.35 4.111e-06
7348.61 4.0011e-06
7349.87 3.89123e-06
7351.13 3.7815e-06
7352.38 3.67803e-06
7353.64 3.59006e-06
7354.9 3.50224e-06
7356.16 3.41444e-06
7357.42 3.32668e-06
7358.68 3.23902e-06
7359.94 3.1514e-06
7361.19 3.06387e-06
7362.45 2.98111e-06
7363.71 2.90762e-06
7364.97 2.8342e-06
7366.23 2.76089e-06
7367.49 2.68756e-06
7368.75 2.61432e-06
7370.02 2.5411e-06
7371.28 2.46798e-06
7372.54 2.40278e-06
