3630.94 2.07373e-06
3631.56 2.0857e-06
3632.18 2.09755e-06
3632.8 2.1094e-06
3633.42 2.12126e-06
3634.05 2.13312e-06
3634.67 2.14499e-06
3635.29 2.15686e-06
3635.91 2.16874e-06
3636.53 2.18062e-06
3637.16 2.19251e-06
3637.78 2.2044e-06
3638.4 2.2163e-06
3639.02 2.2282e-06
3639.65 2.24011e-06
3640.27 2.25202e-06
3640.89 2.26394e-06
3641.51 2.28269e-06
3642.14 2.30355e-06
3642.76 2.32442e-06
3643.38 2.34529e-06
3644.01 2.36618e-06
3644.63 2.38707e-06
3645.25 2.40798e-06
3645.88 2.42888e-06
3646.5 2.4498e-06
3647.12 2.47074e-06
3647.75 2.49168e-06
3648.37 2.51263e-06
3649.0 2.53358e-06
3649.62 2.55455e-06
3650.25 2.57552e-06
3650.87 2.59651e-06
3651.5 2.62912e-06
3652.12 2.66611e-06
3652.74 2.70309e-06
3653.37 2.74009e-06
3654.0 2.77712e-06
3654.62 2.81414e-06
3655.25 2.85119e-06
3655.87 2.88826e-06
3656.5 2.92534e-06
3657.12 2.96242e-06
3657.75 2.99954e-06
3658.37 3.03667e-06
3659.0 3.07382e-06
3659.63 3.11098e-06
3660.25 3.14814e-06
3660.88 3.18533e-06
3661.5 3.20952e-06
3662.13 3.22907e-06
3662.76 3.24863e-06
3663.38 3.2682e-06
3664.01 3.28778e-06
3664.64 3.30737e-06
3665.26 3.32696e-06
3665.89 3.34655e-06
3666.52 3.36616e-06
3667.15 3.38578e-06
3667.77 3.40541e-06
3668.4 3.42504e-06
3669.03 3.44468e-06
3669.66 3.46433e-06
3670.28 3.48399e-06
3670.91 3.50366e-06
3671.54 3.55816e-06
3672.17 3.62207e-06
3672.8 3.68598e-06
3673.43 3.74992e-06
3674.05 3.81388e-06
3674.68 3.87788e-06
3675.31 3.9419e-06
3675.94 4.00595e-06
3676.57 4.07003e-06
3677.2 4.13412e-06
3677.83 4.19828e-06
3678.46 4.26243e-06
3679.09 4.32661e-06
3679.72 4.39082e-06
3680.34 4.45507e-06
3680.97 4.51933e-06
3681.6 4.56031e-06
3682.23 4.59821e-06
3682.86 4.63612e-06
3683.49 4.67406e-06
3684.12 4.71202e-06
3684.75 4.75e-06
3685.39 4.78798e-06
3686.02 4.82598e-06
3686.65 4.864e-06
3687.28 4.90204e-06
3687.91 4.94009e-06
3688.54 4.97815e-06
3689.17 5.01623e-06
3689.8 5.05432e-06
3690.43 5.09244e-06
3691.06 5.13082e-06
3691.7 5.17956e-06
3692.33 5.22833e-06
3692.96 5.27713e-06
3693.59 5.32595e-06
3694.22 5.37478e-06
3694.85 5.42363e-06
3695.49 5.47253e-06
3696.12 5.52143e-06
3696.75 5.57034e-06
3697.38 5.61927e-06
3698.02 5.66825e-06
3698.65 5.71722e-06
3699.28 5.76624e-06
3699.92 5.81524e-06
3700.55 5.8643e-06
3701.18 5.92243e-06
3701.81 6.01623e-06
3702.45 6.11005e-06
3703.08 6.20394e-06
3703.72 6.29785e-06
3704.35 6.39182e-06
3704.98 6.48581e-06
3705.62 6.57983e-06
3706.25 6.6739e-06
3706.88 6.768e-06
3707.52 6.86216e-06
3708.15 6.95639e-06
3708.79 7.0506e-06
3709.42 7.14487e-06
3710.06 7.2392e-06
3710.69 7.33355e-06
3711.33 7.43059e-06
3711.96 7.53127e-06
3712.6 7.63197e-06
3713.23 7.73274e-06
3713.87 7.83357e-06
3714.5 7.9344e-06
3715.14 8.03528e-06
3715.77 8.13623e-06
3716.41 8.23721e-06
3717.05 8.33821e-06
3717.68 8.43927e-06
3718.32 8.5404e-06
3718.95 8.64156e-06
3719.59 8.74274e-06
3720.23 8.84395e-06
3720.86 8.94522e-06
3721.5 9.00468e-06
3722.14 9.04559e-06
3722.77 9.08651e-06
3723.41 9.12746e-06
3724.05 9.16843e-06
3724.68 9.20941e-06
3725.32 9.2504e-06
3725.96 9.29142e-06
3726.6 9.33245e-06
3727.23 9.3735e-06
3727.87 9.41457e-06
3728.51 9.45564e-06
3729.15 9.49674e-06
3729.79 9.53785e-06
3730.42 9.57899e-06
3731.06 9.62106e-06
3731.7 1.0249e-05
3732.34 1.08773e-05
3732.98 1.1506e-05
3733.62 1.21348e-05
3734.25 1.27638e-05
3734.89 1.33935e-05
3735.53 1.40231e-05
3736.17 1.46531e-05
3736.81 1.52835e-05
3737.45 1.59138e-05
3738.09 1.65446e-05
3738.73 1.71757e-05
3739.37 1.7807e-05
3740.01 1.84384e-05
3740.65 1.90705e-05
3741.29 1.9508e-05
3741.93 1.95876e-05
3742.57 1.96673e-05
3743.21 1.9747e-05
3743.85 1.98267e-05
3744.49 1.99065e-05
3745.13 1.99863e-05
3745.77 2.00662e-05
3746.41 2.0146e-05
3747.05 2.02259e-05
3747.69 2.03059e-05
3748.34 2.03859e-05
3748.98 2.04658e-05
3749.62 2.05459e-05
3750.26 2.0626e-05
3750.9 2.07061e-05
3751.54 2.09592e-05
3752.19 2.12718e-05
3752.83 2.15847e-05
3753.47 2.18977e-05
3754.11 2.22108e-05
3754.75 2.25239e-05
3755.4 2.28374e-05
3756.04 2.31509e-05
3756.68 2.34645e-05
3757.32 2.37781e-05
3757.97 2.40921e-05
3758.61 2.44061e-05
3759.25 2.47203e-05
3759.9 2.50346e-05
3760.54 2.5349e-05
3761.18 2.5675e-05
3761.83 2.60546e-05
3762.47 2.64345e-05
3763.11 2.68144e-05
3763.76 2.71943e-05
3764.4 2.75745e-05
3765.05 2.79549e-05
3765.69 2.83355e-05
3766.33 2.87161e-05
3766.98 2.9097e-05
3767.62 2.94781e-05
3768.27 2.98594e-05
3768.91 3.02408e-05
3769.56 3.06221e-05
3770.2 3.10038e-05
3770.85 3.13856e-05
3771.49 3.21254e-05
3772.14 3.30551e-05
3772.78 3.39851e-05
3773.43 3.4916e-05
3774.07 3.58467e-05
3774.72 3.67781e-05
3775.37 3.77097e-05
3776.01 3.86419e-05
3776.66 3.95744e-05
3777.3 4.05074e-05
3777.95 4.14407e-05
3778.6 4.23745e-05
3779.24 4.33086e-05
3779.89 4.4243e-05
3780.54 4.51783e-05
3781.18 4.60998e-05
3781.83 4.6957e-05
3782.48 4.78147e-05
3783.12 4.86727e-05
3783.77 4.95305e-05
3784.42 5.03892e-05
3785.07 5.12485e-05
3785.71 5.21076e-05
3786.36 5.29677e-05
3787.01 5.38276e-05
3787.66 5.46881e-05
3788.31 5.55487e-05
3788.95 5.641e-05
3789.6 5.72714e-05
3790.25 5.81334e-05
3790.9 5.89956e-05
3791.55 5.98584e-05
3792.2 6.07214e-05
3792.85 6.15846e-05
3793.49 6.24487e-05
3794.14 6.33127e-05
3794.79 6.41772e-05
3795.44 6.50419e-05
3796.09 6.59072e-05
3796.74 6.67731e-05
3797.39 6.76391e-05
3798.04 6.85054e-05
3798.69 6.93719e-05
3799.34 7.0239e-05
3799.99 7.11065e-05
3800.64 7.19924e-05
3801.29 7.31797e-05
3801.94 7.49935e-05
3802.59 7.68094e-05
3803.24 7.86267e-05
3803.89 8.0446e-05
3804.54 8.2266e-05
3805.19 8.4088e-05
3805.85 8.59121e-05
3806.5 8.77376e-05
3807.15 8.95645e-05
3807.8 9.13941e-05
3808.45 9.32244e-05
3809.1 9.50567e-05
3809.75 9.68911e-05
3810.41 9.87262e-05
3811.06 0.000100564
3811.71 0.000103161
3812.36 0.00010579
3813.01 0.00010842
3813.67 0.000111054
3814.32 0.000113689
3814.97 0.000116328
3815.62 0.000118968
3816.28 0.000121611
3816.93 0.000124256
3817.58 0.000126906
3818.24 0.000129556
3818.89 0.000132207
3819.54 0.000134863
3820.2 0.000137521
3820.85 0.000140181
3821.5 0.000143337
3822.16 0.000146767
3822.81 0.000150203
3823.47 0.000153641
3824.12 0.000157084
3824.77 0.000160527
3825.43 0.000163976
3826.08 0.000167427
3826.74 0.000170882
3827.39 0.00017434
3828.05 0.000177799
3828.7 0.000181263
3829.36 0.00018473
3830.01 0.000188201
3830.67 0.000191674
3831.32 0.000195658
3831.98 0.000200551
3832.63 0.000205445
3833.29 0.000210345
3833.95 0.000215249
3834.6 0.000220158
3835.26 0.000225073
3835.91 0.000229989
3836.57 0.000234913
3837.23 0.000239838
3837.88 0.00024477
3838.54 0.000249706
3839.2 0.000254647
3839.85 0.00025959
3840.51 0.00026454
3841.17 0.000269757
3841.82 0.000276919
3842.48 0.000284088
3843.14 0.00029126
3843.8 0.00029844
3844.45 0.000305629
3845.11 0.000312825
3845.77 0.000320024
3846.43 0.000327231
3847.09 0.000334445
3847.74 0.000341666
3848.4 0.000348894
3849.06 0.000356125
3849.72 0.000363367
3850.38 0.000370613
3851.04 0.000377866
3851.7 0.000388211
3852.36 0.000398848
3853.01 0.000409494
3853.67 0.000420147
3854.33 0.000430813
3854.99 0.000441482
3855.65 0.000452167
3856.31 0.00046286
3856.97 0.000473565
3857.63 0.000484274
3858.29 0.000494998
3858.95 0.000505731
3859.61 0.000516475
3860.27 0.000527227
3860.93 0.000537984
3861.59 0.000552809
3862.25 0.000568967
3862.92 0.000585137
3863.58 0.000601313
3864.24 0.000617513
3864.9 0.000633724
3865.56 0.000649954
3866.22 0.000666196
3866.88 0.00068245
3867.54 0.000698722
3868.21 0.000715012
3868.87 0.000731313
3869.53 0.000747621
3870.19 0.000763953
3870.85 0.000780303
3871.52 0.00080232
3872.18 0.000827646
3872.84 0.000852991
3873.5 0.000878364
3874.17 0.000903765
3874.83 0.000929185
3875.49 0.000954624
3876.15 0.00098009
3876.82 0.00100558
3877.48 0.0010311
3878.14 0.00105663
3878.81 0.00108218
3879.47 0.00110777
3880.14 0.00113338
3880.8 0.001159
3881.46 0.00119161
3882.13 0.00123001
3882.79 0.00126843
3883.46 0.00130691
3884.12 0.00134539
3884.79 0.00138392
3885.45 0.00142248
3886.11 0.0014611
3886.78 0.00149973
3887.44 0.00153839
3888.11 0.0015771
3888.77 0.00161584
3889.44 0.00165462
3890.11 0.00169343
3890.77 0.00173227
3891.44 0.0017813
3892.1 0.00184041
3892.77 0.00189958
3893.43 0.00195877
3894.1 0.00201805
3894.77 0.00207738
3895.43 0.00213677
3896.1 0.0021962
3896.77 0.00225567
3897.43 0.00231521
3898.1 0.0023748
3898.77 0.00243445
3899.43 0.00249414
3900.1 0.0025539
3900.77 0.0026137
3901.44 0.00269101
3902.1 0.00278612
3902.77 0.0028813
3903.44 0.00297658
3904.11 0.00307196
3904.77 0.00316742
3905.44 0.00326294
3906.11 0.00335857
3906.78 0.0034543
3907.45 0.00355011
3908.12 0.00364598
3908.78 0.00374196
3909.45 0.00383801
3910.12 0.00393416
3910.79 0.00403038
3911.46 0.00415897
3912.13 0.00431653
3912.8 0.00447426
3913.47 0.0046321
3914.14 0.00479012
3914.81 0.00494819
3915.48 0.00510649
3916.15 0.00526491
3916.82 0.0054235
3917.49 0.00558221
3918.16 0.00574097
3918.83 0.00590002
3919.5 0.00605913
3920.17 0.00621841
3920.84 0.0063778
3921.51 0.00659989
3922.18 0.00686421
3922.85 0.00712881
3923.52 0.00739361
3924.2 0.0076586
3924.87 0.00792387
3925.54 0.00818944
3926.21 0.00845519
3926.88 0.00872114
3927.55 0.00898738
3928.23 0.00925391
3928.9 0.00952062
3929.57 0.00978763
3930.24 0.0100547
3930.91 0.0103221
3931.59 0.0106945
3932.26 0.0111109
3932.93 0.0115275
3933.61 0.0119445
3934.28 0.012362
3934.95 0.0127798
3935.63 0.0131981
3936.3 0.0136166
3936.97 0.0140356
3937.65 0.0144549
3938.32 0.0148745
3938.99 0.0152946
3939.67 0.0157149
3940.34 0.0161359
3941.02 0.016557
3941.69 0.0171973
3942.36 0.0178762
3943.04 0.0185559
3943.71 0.019236
3944.39 0.0199169
3945.06 0.0205983
3945.74 0.0212804
3946.41 0.021963
3947.09 0.0226463
3947.76 0.0233301
3948.44 0.0240144
3949.11 0.0246997
3949.79 0.0253853
3950.47 0.0260718
3951.14 0.0267713
3951.82 0.0278319
3952.49 0.0288929
3953.17 0.029955
3953.85 0.0310182
3954.52 0.0320818
3955.2 0.0331469
3955.88 0.0342129
3956.55 0.0352795
3957.23 0.0363469
3957.91 0.0374159
3958.58 0.0384852
3959.26 0.0395561
3959.94 0.0406277
3960.62 0.0416997
3961.29 0.0428834
3961.97 0.0443882
3962.65 0.0458947
3963.33 0.0474016
3964.01 0.0489108
3964.68 0.050421
3965.36 0.0519328
3966.04 0.0534457
3966.72 0.0549596
3967.4 0.0564752
3968.08 0.0579919
3968.76 0.0595101
3969.43 0.0610295
3970.11 0.0625504
3970.79 0.064073
3971.47 0.0657563
3972.15 0.0675935
3972.83 0.0694314
3973.51 0.0712712
3974.19 0.073113
3974.87 0.0749561
3975.55 0.0768005
3976.23 0.0786474
3976.91 0.0804951
3977.59 0.0823453
3978.27 0.0841962
3978.95 0.0860491
3979.63 0.0879033
3980.32 0.0897594
3981.0 0.0916174
3981.68 0.0934436
3982.36 0.0952633
3983.04 0.0970849
3983.72 0.0989078
3984.4 0.100733
3985.08 0.102559
3985.77 0.104387
3986.45 0.106216
3987.13 0.108047
3987.81 0.10988
3988.5 0.111714
3989.18 0.11355
3989.86 0.115388
3990.54 0.117226
3991.23 0.119011
3991.91 0.120465
3992.59 0.121921
3993.27 0.123378
3993.96 0.124836
3994.64 0.126294
3995.32 0.127755
3996.01 0.129217
3996.69 0.13068
3997.38 0.132143
3998.06 0.133609
3998.74 0.135075
3999.43 0.136543
4000.11 0.138007
4000.8 0.139442
4001.48 0.140596
4002.17 0.14148
4002.85 0.142366
4003.53 0.143251
4004.22 0.144137
4004.91 0.145024
4005.59 0.14591
4006.28 0.146797
4006.96 0.147684
4007.65 0.148572
4008.33 0.14946
4009.02 0.150348
4009.7 0.151237
4010.39 0.152125
4011.08 0.153015
4011.76 0.153496
4012.45 0.153941
4013.14 0.154386
4013.82 0.154831
4014.51 0.155277
4015.2 0.155722
4015.88 0.156168
4016.57 0.156614
4017.26 0.15706
4017.94 0.157506
4018.63 0.157952
4019.32 0.158399
4020.01 0.158845
4020.69 0.159292
4021.38 0.159654
4022.07 0.159865
4022.76 0.160077
4023.45 0.160288
4024.14 0.160499
4024.82 0.160711
4025.51 0.160923
4026.2 0.161134
4026.89 0.161346
4027.58 0.161558
4028.27 0.161769
4028.96 0.161981
4029.65 0.162193
4030.34 0.162409
4031.03 0.162628
4031.72 0.162686
4032.41 0.162712
4033.1 0.162738
4033.79 0.162765
4034.48 0.162791
4035.17 0.162817
4035.86 0.162844
4036.55 0.16287
4037.24 0.162896
4037.93 0.162923
4038.62 0.162949
4039.31 0.162975
4040.0 0.163002
4040.69 0.163028
4041.38 0.163033
4042.08 0.162999
4042.77 0.162964
4043.46 0.162929
4044.15 0.162895
4044.84 0.16286
4045.53 0.162826
4046.23 0.162791
4046.92 0.162756
4047.61 0.162722
4048.3 0.162687
4049.0 0.162652
4049.69 0.162618
4050.38 0.162583
4051.07 0.162548
4051.77 0.162519
4052.46 0.162492
4053.15 0.162464
4053.85 0.162436
4054.54 0.162409
4055.24 0.162381
4055.93 0.162353
4056.62 0.162325
4057.32 0.162298
4058.01 0.16227
4058.71 0.162242
4059.4 0.162214
4060.09 0.162186
4060.79 0.162159
4061.48 0.162181
4062.18 0.162257
4062.87 0.162333
4063.57 0.162409
4064.26 0.162485
4064.96 0.162561
4065.66 0.162638
4066.35 0.162714
4067.05 0.16279
4067.74 0.162866
4068.44 0.162942
4069.13 0.163019
4069.83 0.163095
4070.53 0.163171
4071.22 0.163257
4071.92 0.163419
4072.62 0.163581
4073.31 0.163743
4074.01 0.163906
4074.71 0.164068
4075.4 0.164231
4076.1 0.164393
4076.8 0.164556
4077.5 0.164719
4078.19 0.164881
4078.89 0.165044
4079.59 0.165207
4080.29 0.16537
4080.99 0.165533
4081.68 0.165688
4082.38 0.165841
4083.08 0.165994
4083.78 0.166147
4084.48 0.1663
4085.18 0.166453
4085.88 0.166606
4086.58 0.166759
4087.27 0.166912
4087.97 0.167066
4088.67 0.167219
4089.37 0.167372
4090.07 0.167526
4090.77 0.167679
4091.47 0.16782
4092.17 0.167946
4092.87 0.168072
4093.57 0.168198
4094.27 0.168324
4094.97 0.16845
4095.67 0.168576
4096.38 0.168702
4097.08 0.168828
4097.78 0.168954
4098.48 0.16908
4099.18 0.169206
4099.88 0.169333
4100.58 0.169459
4101.28 0.169575
4101.99 0.169642
4102.69 0.169709
4103.39 0.169777
4104.09 0.169844
4104.79 0.169912
4105.5 0.169979
4106.2 0.170047
4106.9 0.170114
4107.6 0.170182
4108.31 0.17025
4109.01 0.170317
4109.71 0.170385
4110.42 0.170452
4111.12 0.17052
4111.82 0.17061
4112.53 0.170702
4113.23 0.170794
4113.93 0.170886
4114.64 0.170978
4115.34 0.17107
4116.04 0.171162
4116.75 0.171254
4117.45 0.171346
4118.16 0.171438
4118.86 0.17153
4119.57 0.171622
4120.27 0.171714
4120.98 0.171806
4121.68 0.171916
4122.39 0.172032
4123.09 0.172148
4123.8 0.172264
4124.5 0.172381
4125.21 0.172497
4125.92 0.172613
4126.62 0.17273
4127.33 0.172846
4128.03 0.172962
4128.74 0.173079
4129.45 0.173195
4130.15 0.173312
4130.86 0.173428
4131.57 0.173547
4132.27 0.173669
4132.98 0.17379
4133.69 0.173911
4134.39 0.174032
4135.1 0.174153
4135.81 0.174275
4136.52 0.174396
4137.22 0.174517
4137.93 0.174639
4138.64 0.17476
4139.35 0.174882
4140.06 0.175004
4140.76 0.175125
4141.47 0.17524
4142.18 0.175346
4142.89 0.175453
4143.6 0.175559
4144.31 0.175665
4145.02 0.175772
4145.73 0.175878
4146.44 0.175985
4147.15 0.176091
4147.85 0.176198
4148.56 0.176304
4149.27 0.176411
4149.98 0.176518
4150.69 0.176624
4151.4 0.176715
4152.11 0.176774
4152.83 0.176832
4153.54 0.176891
4154.25 0.17695
4154.96 0.177009
4155.67 0.177067
4156.38 0.177126
4157.09 0.177185
4157.8 0.177244
4158.51 0.177303
4159.22 0.177362
4159.94 0.177421
4160.65 0.177479
4161.36 0.177548
4162.07 0.177643
4162.78 0.177739
4163.5 0.177834
4164.21 0.17793
4164.92 0.178026
4165.63 0.178121
4166.35 0.178217
4167.06 0.178313
4167.77 0.178408
4168.48 0.178504
4169.2 0.1786
4169.91 0.178696
4170.62 0.178792
4171.34 0.178883
4172.05 0.178961
4172.77 0.179038
4173.48 0.179115
4174.19 0.179192
4174.91 0.179269
4175.62 0.179346
4176.34 0.179424
4177.05 0.179501
4177.77 0.179578
4178.48 0.179656
4179.2 0.179733
4179.91 0.17981
4180.63 0.179888
4181.34 0.179966
4182.06 0.180048
4182.77 0.180131
4183.49 0.180213
4184.2 0.180295
4184.92 0.180378
4185.64 0.18046
4186.35 0.180542
4187.07 0.180625
4187.78 0.180707
4188.5 0.18079
4189.22 0.180872
4189.93 0.180955
4190.65 0.181037
4191.37 0.181102
4192.08 0.181115
4192.8 0.181129
4193.52 0.181142
4194.24 0.181155
4194.95 0.181169
4195.67 0.181182
4196.39 0.181195
4197.11 0.181209
4197.83 0.181222
4198.54 0.181236
4199.26 0.181249
4199.98 0.181262
4200.7 0.181275
4201.42 0.18127
4202.14 0.181226
4202.86 0.181182
4203.58 0.181139
4204.29 0.181095
4205.01 0.181051
4205.73 0.181007
4206.45 0.180963
4207.17 0.180919
4207.89 0.180875
4208.61 0.180831
4209.33 0.180787
4210.05 0.180743
4210.77 0.180699
4211.49 0.180666
4212.21 0.180648
4212.94 0.180629
4213.66 0.180611
4214.38 0.180593
4215.1 0.180575
4215.82 0.180556
4216.54 0.180538
4217.26 0.18052
4217.98 0.180502
4218.71 0.180483
4219.43 0.180465
4220.15 0.180447
4220.87 0.180428
4221.59 0.180444
4222.32 0.180486
4223.04 0.180528
4223.76 0.180571
4224.48 0.180613
4225.21 0.180655
4225.93 0.180698
4226.65 0.18074
4227.37 0.180782
4228.1 0.180825
4228.82 0.180867
4229.54 0.18091
4230.27 0.18095
4230.99 0.180988
4231.72 0.181095
4232.44 0.18123
4233.16 0.181365
4233.89 0.1815
4234.61 0.181634
4235.34 0.181769
4236.06 0.181904
4236.79 0.182039
4237.51 0.182174
4238.24 0.182309
4238.96 0.182444
4239.69 0.18258
4240.41 0.182715
4241.14 0.18285
4241.86 0.182987
4242.59 0.183124
4243.32 0.183262
4244.04 0.1834
4244.77 0.183537
4245.49 0.183675
4246.22 0.183813
4246.95 0.18395
4247.67 0.184088
4248.4 0.184226
4249.13 0.184364
4249.85 0.184502
4250.58 0.18464
4251.31 0.184771
4252.04 0.184865
4252.76 0.184958
4253.49 0.185052
4254.22 0.185146
4254.95 0.18524
4255.67 0.185334
4256.4 0.185427
4257.13 0.185521
4257.86 0.185615
4258.59 0.185709
4259.32 0.185803
4260.04 0.185897
4260.77 0.185991
4261.5 0.186068
4262.23 0.186122
4262.96 0.186176
4263.69 0.186229
4264.42 0.186283
4265.15 0.186337
4265.88 0.18639
4266.61 0.186444
4267.34 0.186498
4268.07 0.186552
4268.8 0.186606
4269.53 0.18666
4270.26 0.186713
4270.99 0.186767
4271.72 0.186817
4272.45 0.186865
4273.18 0.186913
4273.92 0.186961
4274.65 0.187009
4275.38 0.187057
4276.11 0.187105
4276.84 0.187154
4277.57 0.187202
4278.3 0.18725
4279.04 0.187298
4279.77 0.187346
4280.5 0.187394
4281.23 0.187445
4281.97 0.187556
4282.7 0.187666
4283.43 0.187777
4284.16 0.187887
4284.9 0.187998
4285.63 0.188109
4286.36 0.188219
4287.1 0.18833
4287.83 0.188441
4288.56 0.188552
4289.3 0.188663
4290.03 0.188774
4290.77 0.188884
4291.5 0.189006
4292.23 0.189144
4292.97 0.189283
4293.7 0.189421
4294.44 0.189559
4295.17 0.189698
4295.91 0.189836
4296.64 0.189975
4297.38 0.190113
4298.11 0.190252
4298.85 0.190391
4299.58 0.190529
4300.32 0.190668
4301.05 0.190807
4301.79 0.190952
4302.53 0.191099
4303.26 0.191246
4304.0 0.191393
4304.74 0.19154
4305.47 0.191688
4306.21 0.191835
4306.95 0.191982
4307.68 0.19213
4308.42 0.192277
4309.16 0.192424
4309.89 0.192572
4310.63 0.192719
4311.37 0.192851
4312.11 0.192924
4312.84 0.192996
4313.58 0.193069
4314.32 0.193142
4315.06 0.193214
4315.8 0.193287
4316.53 0.19336
4317.27 0.193433
4318.01 0.193506
4318.75 0.193578
4319.49 0.193651
4320.23 0.193724
4320.97 0.193797
4321.71 0.193833
4322.45 0.19385
4323.19 0.193868
4323.93 0.193886
4324.67 0.193903
4325.41 0.193921
4326.15 0.193938
4326.89 0.193956
4327.63 0.193973
4328.37 0.193991
4329.11 0.194008
4329.85 0.194026
4330.59 0.194043
4331.33 0.194058
4332.07 0.194059
4332.81 0.19406
4333.55 0.194061
4334.29 0.194062
4335.04 0.194062
4335.78 0.194063
4336.52 0.194064
4337.26 0.194065
4338.0 0.194066
4338.75 0.194066
4339.49 0.194067
4340.23 0.194068
4340.97 0.194069
4341.72 0.194095
4342.46 0.194133
4343.2 0.194171
4343.94 0.19421
4344.69 0.194248
4345.43 0.194286
4346.17 0.194325
4346.92 0.194363
4347.66 0.194401
4348.41 0.19444
4349.15 0.194478
4349.89 0.194517
4350.64 0.194555
4351.38 0.194602
4352.13 0.194682
4352.87 0.194763
4353.62 0.194843
4354.36 0.194923
4355.11 0.195003
4355.85 0.195083
4356.6 0.195164
4357.34 0.195244
4358.09 0.195324
4358.83 0.195405
4359.58 0.195485
4360.33 0.195565
4361.07 0.195646
4361.82 0.195715
4362.56 0.195781
4363.31 0.195847
4364.06 0.195913
4364.8 0.19598
4365.55 0.196046
4366.3 0.196112
4367.04 0.196178
4367.79 0.196245
4368.54 0.196311
4369.29 0.196377
4370.03 0.196444
4370.78 0.19651
4371.53 0.196553
4372.28 0.196561
4373.02 0.196569
4373.77 0.196577
4374.52 0.196585
4375.27 0.196593
4376.02 0.196601
4376.77 0.196609
4377.52 0.196617
4378.27 0.196625
4379.01 0.196633
4379.76 0.19664
4380.51 0.196648
4381.26 0.196653
4382.01 0.196592
4382.76 0.196531
4383.51 0.196469
4384.26 0.196408
4385.01 0.196346
4385.76 0.196285
4386.51 0.196223
4387.26 0.196161
4388.01 0.1961
4388.76 0.196038
4389.52 0.195977
4390.27 0.195915
4391.02 0.195853
4391.77 0.195765
4392.52 0.195667
4393.27 0.195568
4394.02 0.195469
4394.77 0.195371
4395.53 0.195272
4396.28 0.195173
4397.03 0.195074
4397.78 0.194975
4398.54 0.194877
4399.29 0.194778
4400.04 0.194679
4400.79 0.19458
4401.55 0.19451
4402.3 0.194482
4403.05 0.194454
4403.81 0.194426
4404.56 0.194398
4405.31 0.19437
4406.07 0.194341
4406.82 0.194313
4407.58 0.194285
4408.33 0.194257
4409.08 0.194229
4409.84 0.194201
4410.59 0.194172
4411.35 0.194152
4412.1 0.194182
4412.86 0.194211
4413.61 0.194241
4414.37 0.19427
4415.12 0.1943
4415.88 0.194329
4416.63 0.194359
4417.39 0.194388
4418.14 0.194418
4418.9 0.194447
4419.66 0.194477
4420.41 0.194506
4421.17 0.194536
4421.93 0.19466
4422.68 0.194794
4423.44 0.194928
4424.2 0.195062
4424.95 0.195196
4425.71 0.19533
4426.47 0.195464
4427.22 0.195598
4427.98 0.195733
4428.74 0.195867
4429.5 0.196001
4430.25 0.196138
4431.01 0.196278
4431.77 0.196463
4432.53 0.196669
4433.29 0.196874
4434.05 0.19708
4434.8 0.197286
4435.56 0.197492
4436.32 0.197697
4437.08 0.197903
4437.84 0.19811
4438.6 0.198316
4439.36 0.198522
4440.12 0.198728
4440.88 0.198935
4441.64 0.199126
4442.4 0.199305
4443.16 0.199483
4443.92 0.199662
4444.68 0.19984
4445.44 0.200019
4446.2 0.200198
4446.96 0.200377
4447.72 0.200556
4448.48 0.200735
4449.24 0.200914
4450.0 0.201093
4450.77 0.201272
4451.53 0.201446
4452.29 0.201611
4453.05 0.201777
4453.81 0.201943
4454.57 0.202109
4455.34 0.202274
4456.1 0.20244
4456.86 0.202606
4457.62 0.202772
4458.39 0.202938
4459.15 0.203104
4459.91 0.203271
4460.68 0.203437
4461.44 0.203584
4462.2 0.20367
4462.97 0.203756
4463.73 0.203843
4464.49 0.203929
4465.26 0.204015
4466.02 0.204102
4466.79 0.204188
4467.55 0.204275
4468.31 0.204361
4469.08 0.204448
4469.84 0.204534
4470.61 0.204621
4471.37 0.204701
4472.14 0.204741
4472.9 0.204782
4473.67 0.204823
4474.43 0.204864
4475.2 0.204905
4475.96 0.204945
4476.73 0.204986
4477.5 0.205027
4478.26 0.205068
4479.03 0.205109
4479.79 0.20515
4480.56 0.205191
4481.33 0.205232
4482.09 0.205272
4482.86 0.205313
4483.63 0.205354
4484.4 0.205395
4485.16 0.205436
4485.93 0.205476
4486.7 0.205517
4487.47 0.205558
4488.23 0.205599
4489.0 0.20564
4489.77 0.205681
4490.54 0.205721
4491.31 0.205763
4492.07 0.205816
4492.84 0.205868
4493.61 0.205921
4494.38 0.205974
4495.15 0.206026
4495.92 0.206079
4496.69 0.206132
4497.46 0.206184
4498.23 0.206237
4499.0 0.20629
4499.77 0.206342
4500.54 0.206384
4501.31 0.206422
4502.08 0.206476
4502.85 0.206531
4503.62 0.206586
4504.39 0.206641
4505.16 0.206696
4505.93 0.206751
4506.7 0.206806
4507.47 0.206861
4508.24 0.206916
4509.01 0.206971
4509.78 0.207026
4510.56 0.207081
4511.33 0.20713
4512.1 0.207116
4512.87 0.207102
4513.64 0.207088
4514.42 0.207073
4515.19 0.207059
4515.96 0.207045
4516.73 0.207031
4517.51 0.207017
4518.28 0.207002
4519.05 0.206988
4519.83 0.206974
4520.6 0.20696
4521.37 0.206933
4522.15 0.206824
4522.92 0.206716
4523.69 0.206608
4524.47 0.2065
4525.24 0.206392
4526.02 0.206284
4526.79 0.206175
4527.56 0.206067
4528.34 0.205959
4529.11 0.20585
4529.89 0.205742
4530.66 0.205634
4531.44 0.205506
4532.21 0.205312
4532.99 0.205117
4533.77 0.204922
4534.54 0.204727
4535.32 0.204532
4536.09 0.204337
4536.87 0.204142
4537.65 0.203946
4538.42 0.203751
4539.2 0.203556
4539.98 0.20336
4540.75 0.203165
4541.53 0.202972
4542.31 0.202785
4543.08 0.202598
4543.86 0.202411
4544.64 0.202224
4545.42 0.202037
4546.19 0.20185
4546.97 0.201662
4547.75 0.201475
4548.53 0.201288
4549.3 0.2011
4550.08 0.200912
4550.86 0.200725
4551.64 0.200567
4552.42 0.200442
4553.2 0.200316
4553.98 0.200191
4554.76 0.200066
4555.54 0.199941
4556.31 0.199815
4557.09 0.19969
4557.87 0.199565
4558.65 0.199439
4559.43 0.199314
4560.21 0.199189
4560.99 0.199063
4561.77 0.198934
4562.56 0.198803
4563.34 0.198672
4564.12 0.198542
4564.9 0.198411
4565.68 0.19828
4566.46 0.198149
4567.24 0.198018
4568.02 0.197887
4568.8 0.197755
4569.59 0.197624
4570.37 0.197493
4571.15 0.197362
4571.93 0.197095
4572.71 0.196801
4573.5 0.196507
4574.28 0.196213
4575.06 0.195919
4575.84 0.195625
4576.63 0.19533
4577.41 0.195036
4578.19 0.194742
4578.98 0.194447
4579.76 0.194152
4580.54 0.193858
4581.33 0.19355
4582.11 0.193017
4582.9 0.192485
4583.68 0.191952
4584.46 0.191419
4585.25 0.190887
4586.03 0.190354
4586.82 0.18982
4587.6 0.189287
4588.39 0.188753
4589.17 0.18822
4589.96 0.187686
4590.74 0.187152
4591.53 0.186606
4592.31 0.186033
4593.1 0.185459
4593.88 0.184886
4594.67 0.184312
4595.46 0.183738
4596.24 0.183163
4597.03 0.182589
4597.82 0.182015
4598.6 0.18144
4599.39 0.180865
4600.18 0.18029
4600.96 0.179715
4601.75 0.179318
4602.54 0.179046
4603.33 0.178774
4604.11 0.178502
4604.9 0.17823
4605.69 0.177958
4606.48 0.177686
4607.26 0.177413
4608.05 0.177141
4608.84 0.176869
4609.63 0.176596
4610.42 0.176323
4611.21 0.176051
4612.0 0.176301
4612.79 0.176613
4613.57 0.176925
4614.36 0.177238
4615.15 0.177551
4615.94 0.177863
4616.73 0.178176
4617.52 0.178489
4618.31 0.178802
4619.1 0.179115
4619.89 0.179428
4620.68 0.179741
4621.47 0.180127
4622.27 0.18076
4623.06 0.181393
4623.85 0.182026
4624.64 0.182659
4625.43 0.183292
4626.22 0.183926
4627.01 0.184559
4627.8 0.185193
4628.6 0.185827
4629.39 0.186462
4630.18 0.187095
4630.97 0.187726
4631.76 0.187727
4632.56 0.187288
4633.35 0.18685
4634.14 0.186411
4634.94 0.185972
4635.73 0.185533
4636.52 0.185094
4637.31 0.184655
4638.11 0.184216
4638.9 0.183777
4639.7 0.183337
4640.49 0.182898
4641.28 0.182458
4642.08 0.179752
4642.87 0.176998
4643.67 0.174242
4644.46 0.171487
4645.25 0.168731
4646.05 0.165973
4646.84 0.163215
4647.64 0.160455
4648.43 0.157697
4649.23 0.154937
4650.03 0.152176
4650.82 0.149414
4651.62 0.146008
4652.41 0.141613
4653.21 0.137218
4654.0 0.13282
4654.8 0.128422
4655.6 0.124027
4656.39 0.119625
4657.19 0.115226
4657.99 0.110824
4658.78 0.106422
4659.58 0.102017
4660.38 0.0976115
4661.18 0.0932057
4661.97 0.089384
4662.77 0.0856741
4663.57 0.0819617
4664.37 0.0782469
4665.17 0.0745341
4665.96 0.070821
4666.76 0.0671054
4667.56 0.0633874
4668.36 0.0596713
4669.16 0.0559528
4669.96 0.052234
4670.75 0.048515
4671.55 0.0453022
4672.35 0.0432261
4673.15 0.04115
4673.95 0.0390724
4674.75 0.0369947
4675.55 0.0349169
4676.35 0.0328389
4677.15 0.0307608
4677.95 0.0286814
4678.75 0.0266005
4679.55 0.0245207
4680.35 0.0224396
4681.15 0.0203583
4681.96 0.0192247
4682.76 0.018319
4683.56 0.0174126
4684.36 0.0165062
4685.16 0.0155992
4685.96 0.0146922
4686.76 0.013785
4687.57 0.0128779
4688.37 0.0119701
4689.17 0.0110622
4689.97 0.0101549
4690.77 0.00924694
4691.58 0.00851173
4692.38 0.00812893
4693.18 0.00774612
4693.99 0.00736304
4694.79 0.00697994
4695.59 0.00659682
4696.4 0.00621344
4697.2 0.0058305
4698.0 0.00544708
4698.81 0.00506339
4699.61 0.00467992
4700.41 0.00429619
4701.22 0.00391243
4702.02 0.00371999
4702.83 0.0035538
4703.63 0.0033875
4704.44 0.00322119
4705.24 0.00305487
4706.05 0.00288844
4706.85 0.00272199
4707.66 0.00255544
4708.46 0.00238898
4709.27 0.0022224
4710.07 0.00205581
4710.88 0.00188912
4711.69 0.00176597
4712.49 0.00169443
4713.3 0.00162287
4714.1 0.00155127
4714.91 0.00147967
4715.72 0.00140806
4716.53 0.00133641
4717.33 0.00126479
4718.14 0.00119312
4718.95 0.00112145
4719.75 0.00104978
4720.56 0.000978057
4721.37 0.000908567
4722.18 0.000874547
4722.98 0.000840504
4723.79 0.000806459
4724.6 0.000772412
4725.41 0.000738342
4726.22 0.00070429
4727.03 0.000670216
4727.83 0.00063614
4728.64 0.00060204
4729.45 0.000567939
4730.26 0.000533836
4731.07 0.00049971
4731.88 0.000477142
4732.69 0.000459781
4733.5 0.000442419
4734.31 0.000425056
4735.12 0.000407682
4735.93 0.000390296
4736.74 0.000372919
4737.55 0.000355531
4738.36 0.000338141
4739.17 0.00032074
4739.98 0.000303349
4740.79 0.000285956
4741.61 0.000271127
4742.42 0.000261217
4743.23 0.000251301
4744.04 0.000241384
4744.85 0.00023146
4745.66 0.000221542
4746.48 0.000211617
4747.29 0.000201685
4748.1 0.000191765
4748.91 0.000181832
4749.72 0.000171898
4750.54 0.000161958
4751.35 0.000152154
4752.16 0.000147277
4752.98 0.000142396
4753.79 0.000137518
4754.6 0.000132637
4755.42 0.000127759
4756.23 0.000122874
4757.04 0.000117992
4757.86 0.000113106
4758.67 0.000108218
4759.49 0.000103332
4760.3 9.84425e-05
4761.11 9.3553e-05
4761.93 8.98979e-05
4762.74 8.6695e-05
4763.56 8.3488e-05
4764.37 8.02808e-05
4765.19 7.70715e-05
4766.0 7.3862e-05
4766.82 7.06523e-05
4767.63 6.74424e-05
4768.45 6.42304e-05
4769.27 6.10182e-05
4770.08 5.78077e-05
4770.9 5.45931e-05
4771.71 5.21381e-05
4772.53 5.05517e-05
4773.35 4.89652e-05
4774.16 4.73777e-05
4774.98 4.57901e-05
4775.8 4.42024e-05
4776.62 4.26136e-05
4777.43 4.10257e-05
4778.25 3.94367e-05
4779.07 3.78477e-05
4779.89 3.62576e-05
4780.7 3.46673e-05
4781.52 3.32013e-05
4782.34 3.21612e-05
4783.16 3.1121e-05
4783.98 3.00807e-05
4784.79 2.9041e-05
4785.61 2.8e-05
4786.43 2.69589e-05
4787.25 2.59177e-05
4788.07 2.48759e-05
4788.89 2.38339e-05
4789.71 2.2792e-05
4790.53 2.17499e-05
4791.35 2.07162e-05
4792.17 2.05123e-05
4792.99 2.03084e-05
4793.81 2.01043e-05
4794.63 1.99002e-05
4795.45 1.96961e-05
4796.27 1.9492e-05
4797.09 1.92877e-05
4797.91 1.90835e-05
4798.73 1.88792e-05
4799.55 1.86749e-05
4800.37 1.84705e-05
4801.19 1.8266e-05
4802.02 1.76413e-05
4802.84 1.69238e-05
4803.66 1.62062e-05
4804.48 1.54885e-05
4805.3 1.47704e-05
4806.12 1.40523e-05
4806.95 1.33345e-05
4807.77 1.26159e-05
4808.59 1.18976e-05
4809.41 1.11788e-05
4810.24 1.04596e-05
4811.06 9.74072e-06
4811.88 9.37177e-06
4812.71 9.18691e-06
4813.53 9.00215e-06
4814.35 8.81739e-06
4815.18 8.63249e-06
4816.0 8.44759e-06
4816.83 8.26257e-06
4817.65 8.07753e-06
4818.47 7.89248e-06
4819.3 7.70731e-06
4820.12 7.52224e-06
4820.95 7.33705e-06
4821.77 7.20497e-06
4822.6 7.12278e-06
4823.42 7.04053e-06
4824.25 6.95823e-06
4825.07 6.87598e-06
4825.9 6.79366e-06
4826.72 6.71135e-06
4827.55 6.62898e-06
4828.38 6.54665e-06
4829.2 6.46432e-06
4830.03 6.38188e-06
4830.85 6.29943e-06
4831.68 6.23514e-06
4832.51 6.19797e-06
4833.33 6.16079e-06
4834.16 6.1236e-06
4834.99 6.0864e-06
4835.82 6.04918e-06
4836.64 6.012e-06
4837.47 5.97477e-06
4838.3 5.93754e-06
4839.13 5.90029e-06
4839.95 5.86306e-06
4840.78 5.8258e-06
4841.61 5.78852e-06
4842.44 5.75127e-06
4843.27 5.71398e-06
4844.1 5.67672e-06
4844.93 5.63941e-06
4845.75 5.6021e-06
4846.58 5.56479e-06
4847.41 5.52748e-06
4848.24 5.49014e-06
4849.07 5.4528e-06
4849.9 5.41546e-06
4850.73 5.3781e-06
4851.56 5.34078e-06
4852.39 5.30341e-06
4853.22 5.26601e-06
4854.05 5.22862e-06
4854.88 5.19125e-06
4855.71 5.15383e-06
4856.54 5.11643e-06
4857.37 5.079e-06
4858.21 5.04158e-06
4859.04 5.00415e-06
4859.87 4.96673e-06
4860.7 4.92927e-06
4861.53 4.8918e-06
4862.36 4.85434e-06
4863.19 4.81686e-06
4864.03 4.77938e-06
4864.86 4.74187e-06
4865.69 4.70436e-06
4866.52 4.66686e-06
4867.36 4.62937e-06
4868.19 4.59183e-06
4869.02 4.5543e-06
4869.86 4.51676e-06
4870.69 4.47922e-06
4871.52 4.44166e-06
4872.36 4.40409e-06
4873.19 4.3665e-06
4874.02 4.32894e-06
4874.86 4.29137e-06
4875.69 4.25375e-06
4876.52 4.21616e-06
4877.36 4.17854e-06
4878.19 4.14092e-06
4879.03 4.10327e-06
4879.86 4.06565e-06
4880.7 4.028e-06
4881.53 3.99033e-06
4882.37 3.9527e-06
4883.2 3.91503e-06
4884.04 3.87736e-06
4884.88 3.83966e-06
4885.71 3.80196e-06
4886.55 3.76425e-06
4887.38 3.72655e-06
4888.22 3.68882e-06
4889.06 3.65109e-06
4889.89 3.61338e-06
4890.73 3.57562e-06
4891.56 3.53789e-06
4892.4 3.50013e-06
4893.24 3.46235e-06
4894.08 3.42456e-06
4894.91 3.38678e-06
4895.75 3.34899e-06
4896.59 3.3112e-06
4897.43 3.27341e-06
4898.26 3.23557e-06
4899.1 3.19775e-06
4899.94 3.15991e-06
4900.78 3.12207e-06
4901.62 3.08422e-06
4902.46 3.04635e-06
4903.3 3.00848e-06
4904.13 2.97061e-06
4904.97 2.93274e-06
4905.81 2.89486e-06
4906.65 2.85696e-06
4907.49 2.81904e-06
4908.33 2.78111e-06
4909.17 2.74318e-06
4910.01 2.70526e-06
4910.85 2.66732e-06
4911.69 2.62937e-06
4912.53 2.59141e-06
4913.37 2.55345e-06
4914.21 2.51547e-06
4915.05 2.47748e-06
4915.89 2.4395e-06
4916.74 2.40149e-06
4917.58 2.36348e-06
4918.42 2.32546e-06
4919.26 2.28742e-06
4920.1 2.24943e-06
4920.94 2.21139e-06
4921.78 2.17332e-06
4922.63 2.13526e-06
4923.47 2.09719e-06
8520.67 2.08285e-06
8522.13 2.44549e-06
8523.59 2.18389e-06
8761.63 2.37222e-06
8763.13 2.38569e-06
