3676.0 0.00570983649
3677.0 0.00538017761
3678.0 0.00588691939
3679.0 0.00568291895
3680.0 0.00582810298
3681.0 0.005273556615
3682.0 0.00468489283
3683.0 0.00592847581
3684.0 0.00564255373
3685.0 0.00504032258
3686.0 0.00524056068
3687.0 0.005413681715
3688.0 0.00493811726
3689.0 0.00507928642
3690.0 0.00498722025
3691.0 0.00509411692
3692.0 0.004789158225
3693.0 0.00460433421
3694.0 0.00460489961
3695.0 0.00452322738
3696.0 0.00454242626
3697.0 0.00515073095
3698.0 0.0053905127
3699.0 0.00542732749
3700.0 0.00508312403
3701.0 0.00543965569
3702.0 0.004998512505
3703.0 0.00551143771
3704.0 0.00475854776
3705.0 0.00526284667
3706.0 0.00497803807
3707.0 0.00456968774
3708.0 0.00506286379
3709.0 0.00456120092
3710.0 0.00473987779
3711.0 0.00423437858
3712.0 0.00468785731
3713.0 0.00451786027
3714.0 0.00521689821
3715.0 0.00490887547
3716.0 0.004823602
3717.0 0.00478176258
3718.0 0.005131199015
3719.0 0.00545996029
3720.0 0.00464756003
3721.0 0.00516625447
3722.0 0.0051164816
3723.0 0.00430494251
3724.0 0.00437831366
3725.0 0.00411344447
3726.0 0.00447222372
3727.0 0.0045657195
3728.0 0.0044078598
3729.0 0.00464139357
3730.0 0.00497644132
3731.0 0.00491580379
3732.0 0.00485791893
3733.0 0.00448056684
3734.0 0.00481954623
3735.0 0.0049390338
3736.0 0.00437242798
3737.0 0.00410909651
3738.0 0.00478420195
3739.0 0.004532034655
3740.0 0.00362501259
3741.0 0.00453217847
3742.0 0.00458327106
3743.0 0.00397160304
3744.0 0.003998591015
3745.0 0.00410099313
3746.0 0.00440852314
3747.0 0.00380729243
3748.0 0.00471308488
3749.0 0.00438807985
3750.0 0.00408906263
3751.0 0.0043014864
3752.0 0.00471608232
3753.0 0.00428673494
3754.0 0.00421940928
3755.0 0.004101416375
3756.0 0.00386675984
3757.0 0.00407055631
3758.0 0.00415858054
3759.0 0.00314203863
3760.0 0.004026375455
3761.0 0.00379532672
3762.0 0.00389792866
3763.0 0.00381402107
3764.0 0.00402059993
3765.0 0.00384342786
3766.0 0.00378450579
3767.0 0.00373150904
3768.0 0.00402512385
3769.0 0.00403297288
3770.0 0.003780838525
3771.0 0.00344316597
3772.0 0.00367647059
3773.0 0.00379523009
3774.0 0.00403606698
3775.0 0.00411469718
3776.0 0.00366981773
3777.0 0.00300669095
3778.0 0.00312790599
3779.0 0.00400489018
3780.0 0.00390264373
3781.0 0.00360011403
3782.0 0.00345502227
3783.0 0.00346277517
3784.0 0.00358054161
3785.0 0.00348075348
3786.0 0.00327852536
3787.0 0.00381555447
3788.0 0.00406782392
3789.0 0.00324987963
3790.0 0.0027646446
3791.0 0.003687636595
3792.0 0.00344445324
3793.0 0.00396903368
3794.0 0.00355618777
3795.0 0.00368945757
3796.0 0.003427661135
3797.0 0.00352549202
3798.0 0.00312970905
3799.0 0.00348966522
3800.0 0.00332048395
3801.0 0.003203287625
3802.0 0.00336687599
3803.0 0.00384470411
3804.0 0.0034142498
3805.0 0.00376009828
3806.0 0.00349515771
3807.0 0.0027281106
3808.0 0.00335310807
3809.0 0.00323684114
3810.0 0.00308177716
3811.0 0.003161291275
3812.0 0.00301884047
3813.0 0.00281741015
3814.0 0.00334737069
3815.0 0.00322130355
3816.0 0.003243477695
3817.0 0.00278954802
3818.0 0.00357345033
3819.0 0.00339826233
3820.0 0.00311210574
3821.0 0.00318010812
3822.0 0.00269151139
3823.0 0.00268262485
3824.0 0.00299116247
3825.0 0.00334083316
3826.0 0.003046850355
3827.0 0.00299895542
3828.0 0.00309941717
3829.0 0.00257818255
3830.0 0.00258835241
3831.0 0.002934605
3832.0 0.00300399417
3833.0 0.00287308874
3834.0 0.0032673332
3835.0 0.00264274062
3836.0 0.00345220648
3837.0 0.003091500905
3838.0 0.0029154519
3839.0 0.00297153082
3840.0 0.00282611457
3841.0 0.00275342596
3842.0 0.00268915571
3843.0 0.00296324318
3844.0 0.00307460626
3845.0 0.00346517654
3846.0 0.00251365442
3847.0 0.003059538125
3848.0 0.00234604106
3849.0 0.00288750998
3850.0 0.00281319757
3851.0 0.00296942702
3852.0 0.002982898355
3853.0 0.0025570062
3854.0 0.00276608539
3855.0 0.00269646763
3856.0 0.00264047944
3857.0 0.002965748925
3858.0 0.00270795314
3859.0 0.00253942007
3860.0 0.00238955589
3861.0 0.00255813953
3862.0 0.002705796375
3863.0 0.0026490829
3864.0 0.00284384695
3865.0 0.00234245558
3866.0 0.00284022531
3867.0 0.00247341787
3868.0 0.0026588222
3869.0 0.00280962014
3870.0 0.00288119947
3871.0 0.00258918209
3872.0 0.00278071297
3873.0 0.00266030388
3874.0 0.00277984202
3875.0 0.00284232022
3876.0 0.002600080175
3877.0 0.00265892503
3878.0 0.0025222391
3879.0 0.00276183256
3880.0 0.00221837463
3881.0 0.002538562165
3882.0 0.00234192037
3883.0 0.00278396437
3884.0 0.00250970861
3885.0 0.0025574099
3886.0 0.00242273886
3887.0 0.00259780745
3888.0 0.00270791022
3889.0 0.00277893206
3890.0 0.00237756816
3891.0 0.002499748735
3892.0 0.00230881712
3893.0 0.00272542028
3894.0 0.00213208792
3895.0 0.00259648592
3896.0 0.00246004534
3897.0 0.00249569493
3898.0 0.00246587626
3899.0 0.00246391239
3900.0 0.00252337836
3901.0 0.002408316745
3902.0 0.00259416069
3903.0 0.00269574807
3904.0 0.00268161872
3905.0 0.00252586584
3906.0 0.00230719659
3907.0 0.00230891337
3908.0 0.00230133046
3909.0 0.00252820378
3910.0 0.00230568101
3911.0 0.002519647595
3912.0 0.0023389326
3913.0 0.00243320498
3914.0 0.00263059
3915.0 0.002458255
3916.0 0.00225639117
3917.0 0.00238392816
3918.0 0.00249734079
3919.0 0.00232194584
3920.0 0.002414502105
3921.0 0.0021738633
3922.0 0.00241475029
3923.0 0.00227086929
3924.0 0.00230878924
3925.0 0.00233054735
3926.0 0.00231351497
3927.0 0.00246079506
3928.0 0.00242410764
3929.0 0.00208814644
3930.0 0.00241806841
3931.0 0.00230870712
3932.0 0.00226194659
3933.0 0.00209739792
3934.0 0.00236225639
3935.0 0.00224430215
3936.0 0.00219704476
3937.0 0.00236869872
3938.0 0.00227991311
3939.0 0.00210850204
3940.0 0.00217502559
3941.0 0.00220638153
3942.0 0.00243778352
3943.0 0.00253447948
3944.0 0.00219110632
3945.0 0.00229573203
3946.0 0.00219757221
3947.0 0.00199671374
3948.0 0.00205842603
3949.0 0.00232974004
3950.0 0.00220905506
3951.0 0.00228846979
3952.0 0.00184286504
3953.0 0.00226239733
3954.0 0.00236356893
3955.0 0.00232685187
3956.0 0.00210688384
3957.0 0.00236406619
3958.0 0.00222472444
3959.0 0.00238867767
3960.0 0.00240762481
3961.0 0.00193389245
3962.0 0.00202297948
3963.0 0.00217109984
3964.0 0.002585599
3965.0 0.00226182584
3966.0 0.00211338607
3967.0 0.00192068912
3968.0 0.002228473375
3969.0 0.00209906024
3970.0 0.00211514056
3971.0 0.00192840095
3972.0 0.00228716326
3973.0 0.00214555604
3974.0 0.00215855945
3975.0 0.00245848935
3976.0 0.00220036485
3977.0 0.00207768424
3978.0 0.00231624171
3979.0 0.00217512549
3980.0 0.00227099272
3981.0 0.00210291244
3982.0 0.00225934349
3983.0 0.00231869123
3984.0 0.00196872125
3985.0 0.00202754539
3986.0 0.002249195265
3987.0 0.00231728733
3988.0 0.00230218436
3989.0 0.00230314461
3990.0 0.00244070003
3991.0 0.0022215388
3992.0 0.00216396023
3993.0 0.0020698023
3994.0 0.00232691344
3995.0 0.00208749643
3996.0 0.002198010945
3997.0 0.00236845361
3998.0 0.00219181956
3999.0 0.00244554699
4000.0 0.002409483385
4001.0 0.00230101454
4002.0 0.00239117534
4003.0 0.00236172614
4004.0 0.00230606512
4005.0 0.00242806126
4006.0 0.00207771692
4007.0 0.00220567963
4008.0 0.00256330856
4009.0 0.00245139388
4010.0 0.00226718715
4011.0 0.002377354
4012.0 0.00220227003
4013.0 0.00253481141
4014.0 0.00217641098
4015.0 0.00235575224
4016.0 0.00230626535
4017.0 0.002359043
4018.0 0.00250268735
4019.0 0.00244348404
4020.0 0.00260953394
4021.0 0.00242002321
4022.0 0.00253903352
4023.0 0.002582611645
4024.0 0.00253794639
4025.0 0.00245954056
4026.0 0.00256242859
4027.0 0.00263295611
4028.0 0.00259811331
4029.0 0.00278265964
4030.0 0.0026741868
4031.0 0.00266137617
4032.0 0.002858906775
4033.0 0.00284881943
4034.0 0.00254200707
4035.0 0.00289831865
4036.0 0.00285546584
4037.0 0.002909267835
4038.0 0.0030566994
4039.0 0.00316180539
4040.0 0.00292554874
4041.0 0.00311670772
4042.0 0.0030815672
4043.0 0.0031410488
4044.0 0.0030211005
4045.0 0.00312932444
4046.0 0.0032776702
4047.0 0.00311613848
4048.0 0.00332334769
4049.0 0.00317129666
4050.0 0.00336656089
4051.0 0.0031818464
4052.0 0.00324189141
4053.0 0.00313377999
4054.0 0.0035426039
4055.0 0.00341626325
4056.0 0.0035451781
4057.0 0.00351252291
4058.0 0.00369634947
4059.0 0.003577698185
4060.0 0.00398685252
4061.0 0.00387237855
4062.0 0.00352325652
4063.0 0.00385592955
4064.0 0.00392540232
4065.0 0.00396932792
4066.0 0.00374486773
4067.0 0.00426174597
4068.0 0.004267862905
4069.0 0.00436700748
4070.0 0.0044819679
4071.0 0.00444861037
4072.0 0.00473916025
4073.0 0.00489102327
4074.0 0.00486571226
4075.0 0.00523629909
4076.0 0.00547224612
4077.0 0.00561104583
4078.0 0.00619322268
4079.0 0.006170119
4080.0 0.00605298555
4081.0 0.00676291119
4082.0 0.00728669266
4083.0 0.00736387763
4084.0 0.00795871327
4085.0 0.0083435607
4086.0 0.00901279469
4087.0 0.00955160903
4088.0 0.00972913848
4089.0 0.01062694659
4090.0 0.011664988245
4091.0 0.01264571936
4092.0 0.01379447652
4093.0 0.01465767739
4094.0 0.01591432214
4095.0 0.01809381451
4096.0 0.01900833475
4097.0 0.02106084243
4098.0 0.02346683817
4099.0 0.02623927381
4100.0 0.02799983082
4101.0 0.03006543321
4102.0 0.03409884038
4103.0 0.03826150516
4104.0 0.04171155918
4105.0 0.04376352342
4106.0 0.04776465332
4107.0 0.05362115167
4108.0 0.06007636237
4109.0 0.06422566525
4110.0 0.06967480465
4111.0 0.07664976884
4112.0 0.08432536942
4113.0 0.08949856003
4114.0 0.09481268012
4115.0 0.10318765175
4116.0 0.1122299197
4117.0 0.1192626652
4118.0 0.1249897224
4119.0 0.130683443
4120.0 0.14005178815
4121.0 0.1524439184
4122.0 0.1577703208
4123.0 0.1642428847
4124.0 0.1755907766
4125.0 0.1884423132
4126.0 0.1949602122
4127.0 0.2040659192
4128.0 0.2173890293
4129.0 0.2313420776
4130.0 0.239225006
4131.0 0.2520682177
4132.0 0.2679920014
4133.0 0.2836521786
4134.0 0.298523601
4135.0 0.3096790471
4136.0 0.332699066
4137.0 0.3560817455
4138.0 0.3682180338
4139.0 0.385928013
4140.0 0.403526834
4141.0 0.4279246843
4142.0 0.4520031629
4143.0 0.4725273276
4144.0 0.489246038
4145.0 0.5157859102
4146.0 0.5441815865
4147.0 0.5615903583
4148.0 0.5776204003
4149.0 0.6034100597
4150.0 0.6279633831
4151.0 0.646503328
4152.0 0.6629821322
4153.0 0.68452966955
4154.0 0.7062342651
4155.0 0.7157482452
4156.0 0.7265464417
4157.0 0.7435729285
4158.0 0.7581256771
4159.0 0.7657129607
4160.0 0.7728996593
4161.0 0.78769882015
4162.0 0.7943056661
4163.0 0.7992441227
4164.0 0.8020555327
4165.0 0.80923346205
4166.0 0.8096432801
4167.0 0.8112678926
4168.0 0.8122804785
4169.0 0.8153714791
4170.0 0.8216212785
4171.0 0.8178295555
4172.0 0.8214773763
4173.0 0.8216116335
4174.0 0.81826829145
4175.0 0.8163922062
4176.0 0.8208455104
4177.0 0.8192872804
4178.0 0.81927586715
4179.0 0.8208416834
4180.0 0.8214607755
4181.0 0.8218328268
4182.0 0.8229348621
4183.0 0.8236267496
4184.0 0.8223336428
4185.0 0.8284617765
4186.0 0.82852422095
4187.0 0.8316802658
4188.0 0.8330845434
4189.0 0.835707596
4190.0 0.8371222403
4191.0 0.8439491619
4192.0 0.8483265646
4193.0 0.8487600376
4194.0 0.8544179459
4195.0 0.8572571262
4196.0 0.8623751523
4197.0 0.8604642706
4198.0 0.87000285725
4199.0 0.8739135698
4200.0 0.877804943
4201.0 0.8833213856
4202.0 0.88463072745
4203.0 0.8935508465
4204.0 0.8971103857
4205.0 0.8965666839
4206.0 0.90280950955
4207.0 0.9036392272
4208.0 0.9051567483
4209.0 0.9068406028
4210.0 0.9073421759
4211.0 0.9124739327
4212.0 0.9127331614
4213.0 0.9102995201
4214.0 0.9118591675
4215.0 0.9108883718
4216.0 0.9128546025
4217.0 0.9119696464
4218.0 0.91262837145
4219.0 0.9069886276
4220.0 0.9084527988
4221.0 0.90766990105
4222.0 0.8991756425
4223.0 0.9056668561
4224.0 0.9025448339
4225.0 0.89397379735
4226.0 0.8962506481
4227.0 0.890931387
4228.0 0.8937798139
4229.0 0.8888940956
4230.0 0.8843712231
4231.0 0.8827876148
4232.0 0.8822357862
4233.0 0.8773417934
4234.0 0.8759727796
4235.0 0.8740896604
4236.0 0.8755438903
4237.0 0.87176728845
4238.0 0.8707912262
4239.0 0.8740693196
4240.0 0.8721339262
4241.0 0.86598436675
4242.0 0.8680580365
4243.0 0.8666051022
4244.0 0.8695340087
4245.0 0.8684669515
4246.0 0.8707979313
4247.0 0.8692773646
4248.0 0.8728074225
4249.0 0.8693017725
4250.0 0.8727527702
4251.0 0.8751553224
4252.0 0.87389543805
4253.0 0.8778004307
4254.0 0.8762698858
4255.0 0.8786593175
4256.0 0.8740873009
4257.0 0.8804842703
4258.0 0.8749388795
4259.0 0.8762625114
4260.0 0.8795198613
4261.0 0.8792702963
4262.0 0.8732972949
4263.0 0.8820559266
4264.0 0.8799463763
4265.0 0.8819972474
4266.0 0.8814381365
4267.0 0.883578819
4268.0 0.8845282772
4269.0 0.8805811084
4270.0 0.8879519698
4271.0 0.88164048365
4272.0 0.8851621576
4273.0 0.883916318
4274.0 0.8831847148
4275.0 0.88237982185
4276.0 0.8829058592
4277.0 0.8865011568
4278.0 0.8836458807
4279.0 0.8829609592
4280.0 0.8855992815
4281.0 0.8803985611
4282.0 0.8839896407
4283.0 0.8844568759
4284.0 0.8863608832
4285.0 0.8824145535
4286.0 0.88574704285
4287.0 0.885789034
4288.0 0.8861531709
4289.0 0.8866314241
4290.0 0.88761634415
4291.0 0.88501887
4292.0 0.8908414487
4293.0 0.8892007601
4294.0 0.88923296055
4295.0 0.8933086312
4296.0 0.890409171
4297.0 0.89046630375
4298.0 0.8943104401
4299.0 0.8973675947
4300.0 0.8932370903
4301.0 0.89463722725
4302.0 0.8961899325
4303.0 0.8957753442
4304.0 0.8992575511
4305.0 0.9020668222
4306.0 0.8979256302
4307.0 0.900751429
4308.0 0.9020567167
4309.0 0.9060578139
4310.0 0.9049596038
4311.0 0.9079586845
4312.0 0.90781162195
4313.0 0.9072480133
4314.0 0.9111883356
4315.0 0.9083222547
4316.0 0.90937975845
4317.0 0.9120896565
4318.0 0.9086716453
4319.0 0.913190785
4320.0 0.9145986018
4321.0 0.9137178406
4322.0 0.9183472856
4323.0 0.91408013915
4324.0 0.9178833079
4325.0 0.9138664063
4326.0 0.91497363065
4327.0 0.9192348119
4328.0 0.9207597145
4329.0 0.9182445956
4330.0 0.9178424702
4331.0 0.9213349225
4332.0 0.9172264175
4333.0 0.9204752243
4334.0 0.91940519615
4335.0 0.9193935879
4336.0 0.922717286
4337.0 0.91962247825
4338.0 0.9230920821
4339.0 0.9218892576
4340.0 0.9202836292
4341.0 0.92218237815
4342.0 0.9190823
4343.0 0.9144849873
4344.0 0.91865058215
4345.0 0.9205881447
4346.0 0.9230634978
4347.0 0.920776038
4348.0 0.92134071655
4349.0 0.9207055653
4350.0 0.9202480899
4351.0 0.92077171405
4352.0 0.9241774696
4353.0 0.9195979386
4354.0 0.9221826518
4355.0 0.92303942105
4356.0 0.9229913221
4357.0 0.924602001
4358.0 0.9209477356
4359.0 0.918864612
4360.0 0.9183338234
4361.0 0.9209517045
4362.0 0.9211050848
4363.0 0.9181628646
4364.0 0.9205055241
4365.0 0.91767762525
4366.0 0.9162004415
4367.0 0.9163056837
4368.0 0.9170160358
4369.0 0.9140799923
4370.0 0.9156511805
4371.0 0.9121199083
4372.0 0.9133309764
4373.0 0.9069426872
4374.0 0.9052738458
4375.0 0.90656850955
4376.0 0.9026193808
4377.0 0.9056789877
4378.0 0.8998088863
4379.0 0.89860381475
4380.0 0.894979336
4381.0 0.8951373331
4382.0 0.8904606695
4383.0 0.8929186386
4384.0 0.8892862406
4385.0 0.8856775662
4386.0 0.8889091528
4387.0 0.8835675422
4388.0 0.8810122372
4389.0 0.87907625305
4390.0 0.8789431717
4391.0 0.8807027818
4392.0 0.87409367295
4393.0 0.8707224335
4394.0 0.8735565203
4395.0 0.8689225341
4396.0 0.86629004485
4397.0 0.8600356438
4398.0 0.8646302932
4399.0 0.8631565412
4400.0 0.8619867066
4401.0 0.8602934825
4402.0 0.86116500005
4403.0 0.8611251261
4404.0 0.8570352074
4405.0 0.8580197604
4406.0 0.85871713155
4407.0 0.85398639
4408.0 0.8528133099
4409.0 0.8514202172
4410.0 0.857505043
4411.0 0.8583263598
4412.0 0.8644096274
4413.0 0.8609746266
4414.0 0.8660177139
4415.0 0.855171267
4416.0 0.8601087904
4417.0 0.8650083086
4418.0 0.8651638835
4419.0 0.8729431368
4420.0 0.86781514
4421.0 0.8698969711
4422.0 0.8766075342
4423.0 0.8706551767
4424.0 0.8724103913
4425.0 0.8719291685
4426.0 0.8667183104
4427.0 0.8761486708
4428.0 0.8809748492
4429.0 0.87896295775
4430.0 0.8862921348
4431.0 0.8794481639
4432.0 0.8821847298
4433.0 0.89384849845
4434.0 0.8959241011
4435.0 0.898101369
4436.0 0.8921418188
4437.0 0.9010269075
4438.0 0.9025238635
4439.0 0.9026473446
4440.0 0.9039636876
4441.0 0.9076674085
4442.0 0.9068739705
4443.0 0.9118429539
4444.0 0.9081603678
4445.0 0.9125702811
4446.0 0.9162932138
4447.0 0.9097448534
4448.0 0.9121645711
4449.0 0.9137649077
4450.0 0.9202886993
4451.0 0.9189641434
4452.0 0.91561430575
4453.0 0.9280095352
4454.0 0.9197599115
4455.0 0.9189477006
4456.0 0.91943845865
4457.0 0.9221646836
4458.0 0.9260207095
4459.0 0.9159328982
4460.0 0.9172213956
4461.0 0.9183266153
4462.0 0.9212102235
4463.0 0.91611654445
4464.0 0.9140113826
4465.0 0.9087209302
4466.0 0.9190198366
4467.0 0.91801236995
4468.0 0.9070872782
4469.0 0.9128673918
4470.0 0.9078612717
4471.0 0.9108717238
4472.0 0.9120190645
4473.0 0.9113048823
4474.0 0.9059752368
4475.0 0.9062559422
4476.0 0.9049380362
4477.0 0.9050091631
4478.0 0.9064659178
4479.0 0.9053956698
4480.0 0.8972932046
4481.0 0.8971181013
4482.0 0.90280115545
4483.0 0.8948515596
4484.0 0.9037193353
4485.0 0.8954429621
4486.0 0.893498982
4487.0 0.893854124
4488.0 0.8990860054
4489.0 0.8941834452
4490.0 0.8978081474
4491.0 0.8894865707
4492.0 0.8948927817
4493.0 0.8906388072
4494.0 0.8903371118
4495.0 0.8935448174
4496.0 0.8904436609
4497.0 0.8862637286
4498.0 0.8908977556
4499.0 0.8859588164
4500.0 0.8872695153
4501.0 0.88969885055
4502.0 0.8876761335
4503.0 0.8899632847
4504.0 0.88855596775
4505.0 0.8860828291
4506.0 0.8894979804
4507.0 0.8902332679
4508.0 0.8836151905
4509.0 0.8860841424
4510.0 0.8863416209
4511.0 0.8883453237
4512.0 0.88847006045
4513.0 0.8822900709
4514.0 0.8862680824
4515.0 0.8854362726
4516.0 0.88700589195
4517.0 0.8795048241
4518.0 0.8824779513
4519.0 0.88562382545
4520.0 0.8924434053
4521.0 0.8856870431
4522.0 0.882552804
4523.0 0.88879683425
4524.0 0.8897306397
4525.0 0.889619474
4526.0 0.8865307545
4527.0 0.8873432067
4528.0 0.8886963153
4529.0 0.8869670711
4530.0 0.8881753816
4531.0 0.8856520838
4532.0 0.8982175059
4533.0 0.8882413793
4534.0 0.88947114225
4535.0 0.8879135951
4536.0 0.8943956647
4537.0 0.8933392723
4538.0 0.89560312675
4539.0 0.890468056
4540.0 0.8923547401
4541.0 0.8946513676
4542.0 0.8888476714
4543.0 0.8920360555
4544.0 0.8952906151
4545.0 0.89401496435
4546.0 0.8963648603
4547.0 0.895224974
4548.0 0.8965180824
4549.0 0.900470828
4550.0 0.9070219541
4551.0 0.9006713203
4552.0 0.89756711815
4553.0 0.9033333333
4554.0 0.8958056368
4555.0 0.9059160369
4556.0 0.9003132611
4557.0 0.9062304166
4558.0 0.8978281521
4559.0 0.90252522155
4560.0 0.90491481
4561.0 0.9083944366
4562.0 0.905104499
4563.0 0.9080837289
4564.0 0.9131057376
4565.0 0.9095368024
4566.0 0.9093882574
4567.0 0.90798765145
4568.0 0.9167151821
4569.0 0.9146282197
4570.0 0.91171544835
4571.0 0.9110356754
4572.0 0.9174860227
4573.0 0.9142501675
4574.0 0.9163004175
4575.0 0.9183965869
4576.0 0.9206647952
4577.0 0.91938263525
4578.0 0.9206976083
4579.0 0.9252422266
4580.0 0.9314516129
4581.0 0.91781388195
4582.0 0.9217282011
4583.0 0.9214672885
4584.0 0.9243681689
4585.0 0.92241378265
4586.0 0.9211192747
4587.0 0.9324612585
4588.0 0.9247456368
4589.0 0.9226510794
4590.0 0.9307056777
4591.0 0.9296359411
4592.0 0.9305554945
4593.0 0.930677093
4594.0 0.9250253293
4595.0 0.9309200657
4596.0 0.9288628486
4597.0 0.9299363057
4598.0 0.9282542793
4599.0 0.9278439091
4600.0 0.9251172422
4601.0 0.9228482146
4602.0 0.92425046405
4603.0 0.9228956432
4604.0 0.9286102719
4605.0 0.9330204391
4606.0 0.92479178785
4607.0 0.9244042975
4608.0 0.9321047234
4609.0 0.92520994575
4610.0 0.9201384744
4611.0 0.9254985201
4612.0 0.922083321
4613.0 0.9186517217
4614.0 0.9242676333
4615.0 0.9252555177
4616.0 0.9266251113
4617.0 0.9208243304
4618.0 0.9153140438
4619.0 0.9218400283
4620.0 0.9178084937
4621.0 0.917675047
4622.0 0.9167977168
4623.0 0.918997669
4624.0 0.9191491586
4625.0 0.9178930836
4626.0 0.9188148839
4627.0 0.91339547265
4628.0 0.9166907975
4629.0 0.9167052827
4630.0 0.91569291455
4631.0 0.91289884
4632.0 0.9150148163
4633.0 0.9198520702
4634.0 0.9123391697
4635.0 0.9127095572
4636.0 0.9104072657
4637.0 0.9118789967
4638.0 0.9107741239
4639.0 0.9076953635
4640.0 0.9108500738
4641.0 0.9105849572
4642.0 0.9123673515
4643.0 0.9161749344
4644.0 0.91089072135
4645.0 0.9101186636
4646.0 0.9102412688
4647.0 0.9126346719
4648.0 0.9089389421
4649.0 0.9126593603
4650.0 0.911517205
4651.0 0.91266306615
4652.0 0.9085923218
4653.0 0.9110803324
4654.0 0.9088068575
4655.0 0.9128781491
4656.0 0.9101262689
4657.0 0.9136525656
4658.0 0.9145083729
4659.0 0.9124914113
4660.0 0.9082999209
4661.0 0.9129199672
4662.0 0.9090843582
4663.0 0.9126411757
4664.0 0.9119120209
4665.0 0.9124178368
4666.0 0.9182427482
4667.0 0.9117044229
4668.0 0.91192553095
4669.0 0.918026167
4670.0 0.9182261783
4671.0 0.9178439061
4672.0 0.91408457575
4673.0 0.9102840561
4674.0 0.9108023786
4675.0 0.91494423055
4676.0 0.9098232917
4677.0 0.9119572935
4678.0 0.9088385374
4679.0 0.9179807687
4680.0 0.9120801135
4681.0 0.9076159373
4682.0 0.91241338005
4683.0 0.9150978027
4684.0 0.9138818488
4685.0 0.91522379695
4686.0 0.913120475
4687.0 0.9189322788
4688.0 0.9142232744
4689.0 0.9090083933
4690.0 0.9077423183
4691.0 0.9113786969
4692.0 0.9120715776
4693.0 0.9083838176
4694.0 0.9099664455
4695.0 0.9140311768
4696.0 0.9081523402
4697.0 0.9114136659
4698.0 0.9076457422
4699.0 0.90884110755
4700.0 0.9077238551
4701.0 0.9036880077
4702.0 0.90604829205
4703.0 0.9066186107
4704.0 0.9087583876
4705.0 0.9081750586
4706.0 0.9052826506
4707.0 0.90876798
4708.0 0.9022312979
4709.0 0.9066519154
4710.0 0.9027388772
4711.0 0.9078486422
4712.0 0.90856663685
4713.0 0.9025216687
4714.0 0.8995132983
4715.0 0.90880350195
4716.0 0.9043738648
4717.0 0.91046021
4718.0 0.9009477747
4719.0 0.90972098225
4720.0 0.9115970744
4721.0 0.9035185906
4722.0 0.91089770805
4723.0 0.9086021505
4724.0 0.9114712009
4725.0 0.90640021465
4726.0 0.9143381997
4727.0 0.9141748789
4728.0 0.9160632826
4729.0 0.9111254419
4730.0 0.9093602887
4731.0 0.9137675972
4732.0 0.91813594995
4733.0 0.9153577454
4734.0 0.9172944839
4735.0 0.91812173795
4736.0 0.9180095459
4737.0 0.9215222227
4738.0 0.919426096
4739.0 0.9242139399
4740.0 0.9259503044
4741.0 0.9221574008
4742.0 0.9245941577
4743.0 0.9259285116
4744.0 0.925949205
4745.0 0.9294782861
4746.0 0.9272188527
4747.0 0.9297590613
4748.0 0.9301807783
4749.0 0.929054676
4750.0 0.9276551724
4751.0 0.9253992554
4752.0 0.9319147958
4753.0 0.9311007411
4754.0 0.9322427517
4755.0 0.9308379685
4756.0 0.9369075085
4757.0 0.9324622202
4758.0 0.93284562205
4759.0 0.9337802337
4760.0 0.9332609875
4761.0 0.9320574191
4762.0 0.937918098
4763.0 0.9368323585
4764.0 0.9329500026
4765.0 0.9329389004
4766.0 0.9313101904
4767.0 0.9334972607
4768.0 0.9340988964
4769.0 0.9355724169
4770.0 0.92966441925
4771.0 0.9287078153
4772.0 0.929516398
4773.0 0.9330873199
4774.0 0.92906988095
4775.0 0.9306135987
4776.0 0.9323071463
4777.0 0.92872252515
4778.0 0.9337703037
4779.0 0.9262935493
4780.0 0.92635575465
4781.0 0.9230398493
4782.0 0.930126982
4783.0 0.9245462905
4784.0 0.9243453382
4785.0 0.9177440347
4786.0 0.92603722205
4787.0 0.9220366123
4788.0 0.9239900857
4789.0 0.91929231025
4790.0 0.9212871287
4791.0 0.9239434179
4792.0 0.9208860908
4793.0 0.9131020042
4794.0 0.9162525703
4795.0 0.9197389537
4796.0 0.91609645
4797.0 0.9093959732
4798.0 0.9061436351
4799.0 0.9136776966
4800.0 0.9099446694
4801.0 0.903944462
4802.0 0.90740239445
4803.0 0.9068771517
4804.0 0.9010158132
4805.0 0.9044586428
4806.0 0.907954071
4807.0 0.9005496215
4808.0 0.9016957472
4809.0 0.9049308192
4810.0 0.9037780034
4811.0 0.89862430855
4812.0 0.8995699677
4813.0 0.8990897163
4814.0 0.9028837149
4815.0 0.8977924312
4816.0 0.9008732013
4817.0 0.8977654239
4818.0 0.8931199935
4819.0 0.8950711227
4820.0 0.89403542395
4821.0 0.9036560965
4822.0 0.8954385681
4823.0 0.89521280195
4824.0 0.8934630038
4825.0 0.8910962326
4826.0 0.89351943665
4827.0 0.895007269
4828.0 0.894095147
4829.0 0.8946650078
4830.0 0.8913507531
4831.0 0.8990084902
4832.0 0.89085575
4833.0 0.8888039366
4834.0 0.8953351396
4835.0 0.89229347085
4836.0 0.8940724264
4837.0 0.8934244766
4838.0 0.8979719311
4839.0 0.89729441255
4840.0 0.8914271394
4841.0 0.8927336976
4842.0 0.8987058435
4843.0 0.8928159816
4844.0 0.8944234929
4845.0 0.89546861055
4846.0 0.895737393
4847.0 0.8970013535
4848.0 0.899989169
4849.0 0.8993711883
4850.0 0.89587693
4851.0 0.89720004695
4852.0 0.9036235153
4853.0 0.9028865476
4854.0 0.9047620226
4855.0 0.9069129071
4856.0 0.8993032977
4857.0 0.90273330245
4858.0 0.9048473636
4859.0 0.9027071791
4860.0 0.9048615317
4861.0 0.9069074592
4862.0 0.9029459303
4863.0 0.906946193
4864.0 0.9045917065
4865.0 0.9114907453
4866.0 0.905040968
4867.0 0.9163544212
4868.0 0.90920173685
4869.0 0.9092183792
4870.0 0.9118930862
4871.0 0.91402756275
4872.0 0.9103734884
4873.0 0.9172550632
4874.0 0.91343667075
4875.0 0.914295321
4876.0 0.915686344
4877.0 0.9154012855
4878.0 0.9228421352
4879.0 0.9210767873
4880.0 0.91831728165
4881.0 0.9144162277
4882.0 0.9157025083
4883.0 0.92065182595
4884.0 0.9222754595
4885.0 0.9152010812
4886.0 0.92072855765
4887.0 0.9202559301
4888.0 0.9200946361
4889.0 0.92483163945
4890.0 0.9268615877
4891.0 0.9244843418
4892.0 0.92391096515
4893.0 0.9243198148
4894.0 0.9257213744
4895.0 0.928655601
4896.0 0.9275943795
4897.0 0.9263342436
4898.0 0.92609403385
4899.0 0.9254031582
4900.0 0.92446957875
4901.0 0.9324639419
4902.0 0.9291538653
4903.0 0.9286704737
4904.0 0.9341061522
4905.0 0.9287751636
4906.0 0.92703758945
4907.0 0.9259459018
4908.0 0.9284792446
4909.0 0.92643021355
4910.0 0.9285679576
4911.0 0.9297337638
4912.0 0.92879792435
4913.0 0.9317368743
4914.0 0.9298625827
4915.0 0.928612191
4916.0 0.9281993749
4917.0 0.9325059177
4918.0 0.9301237573
4919.0 0.9284079349
4920.0 0.9314558763
4921.0 0.9238089246
4922.0 0.9275298346
4923.0 0.92323198145
4924.0 0.92929808435
4925.0 0.9326156157
4926.0 0.9307200971
4927.0 0.92740839975
4928.0 0.926486716
4929.0 0.9188551714
4930.0 0.92376126925
4931.0 0.9277376124
4932.0 0.9263444162
4933.0 0.92592402705
4934.0 0.9263126648
4935.0 0.9270216619
4936.0 0.9247811483
4937.0 0.9221219213
4938.0 0.9214646116
4939.0 0.9246511306
4940.0 0.9237938142
4941.0 0.9232300353
4942.0 0.9204638893
4943.0 0.9214540255
4944.0 0.9174005621
4945.0 0.9176741899
4946.0 0.9222701825
4947.0 0.9172707961
4948.0 0.9234234234
4949.0 0.9185083483
4950.0 0.9239413873
4951.0 0.9160180117
4952.0 0.9179475095
4953.0 0.9195479056
4954.0 0.9150398589
4955.0 0.91806383805
4956.0 0.9125867195
4957.0 0.9149996699
4958.0 0.9183249044
4959.0 0.9159863611
4960.0 0.9122449984
4961.0 0.9132479437
4962.0 0.9156129831
4963.0 0.9128013029
4964.0 0.91525597595
4965.0 0.9151075391
4966.0 0.9113239911
4967.0 0.9083089819
4968.0 0.9132863971
4969.0 0.9091421667
4970.0 0.9126163761
4971.0 0.9108793515
4972.0 0.906200698
4973.0 0.9038596045
4974.0 0.91126710095
4975.0 0.9079341911
4976.0 0.9105862572
4977.0 0.9049326798
4978.0 0.903007507
4979.0 0.8998838049
4980.0 0.90450749225
4981.0 0.9057740769
4982.0 0.9025967939
4983.0 0.9046092204
4984.0 0.9023760652
4985.0 0.9070937004
4986.0 0.9050158477
4987.0 0.9013253646
4988.0 0.9007207124
4989.0 0.90186865235
4990.0 0.9034053348
4991.0 0.90313622
4992.0 0.90027188185
4993.0 0.9022871567
4994.0 0.8982230877
4995.0 0.90021843875
4996.0 0.9001849269
4997.0 0.8958097737
4998.0 0.901722141
4999.0 0.9022316043
5000.0 0.8992928077
5001.0 0.89991152315
5002.0 0.8974228577
5003.0 0.9030910235
5004.0 0.89761142595
5005.0 0.8986882418
5006.0 0.8999317649
5007.0 0.903585317
5008.0 0.9015739304
5009.0 0.8965766457
5010.0 0.89736034775
5011.0 0.8998914096
5012.0 0.8986236452
5013.0 0.90152457325
5014.0 0.8994788331
5015.0 0.8990158198
5016.0 0.8994169314
5017.0 0.9014544031
5018.0 0.9026766456
5019.0 0.8983260153
5020.0 0.9044130397
5021.0 0.9018661982
5022.0 0.90287741055
5023.0 0.9034011849
5024.0 0.9076360508
5025.0 0.9060294436
5026.0 0.9083454758
5027.0 0.9070307051
5028.0 0.9066296902
5029.0 0.9051166216
5030.0 0.9071546146
5031.0 0.90632153955
5032.0 0.9085709444
5033.0 0.9092913828
5034.0 0.90937853805
5035.0 0.9102249288
5036.0 0.9121389873
5037.0 0.91071046575
5038.0 0.9093440249
5039.0 0.9089025476
5040.0 0.9107934535
5041.0 0.915151431
5042.0 0.9152955515
5043.0 0.9117803632
5044.0 0.9110921549
5045.0 0.9127548145
5046.0 0.91718626975
5047.0 0.9136447112
5048.0 0.9162145871
5049.0 0.91623495535
5050.0 0.916572579
5051.0 0.9119889308
5052.0 0.91726943445
5053.0 0.9146367898
5054.0 0.91690059115
5055.0 0.9207335985
5056.0 0.9179200861
5057.0 0.92098518525
5058.0 0.9201993669
5059.0 0.9202311674
5060.0 0.9224755707
5061.0 0.9193216168
5062.0 0.921699836
5063.0 0.9223414467
5064.0 0.9180961232
5065.0 0.9213745522
5066.0 0.92336988695
5067.0 0.9248021633
5068.0 0.9248141227
5069.0 0.9254307328
5070.0 0.9207706249
5071.0 0.9223657215
5072.0 0.92463668585
5073.0 0.9267874216
5074.0 0.9236416457
5075.0 0.9227199737
5076.0 0.9223042951
5077.0 0.9274035573
5078.0 0.92676416905
5079.0 0.9209191944
5080.0 0.9260089105
5081.0 0.9244552121
5082.0 0.9250077672
5083.0 0.9190459027
5084.0 0.92194259355
5085.0 0.9250549648
5086.0 0.92356846715
5087.0 0.9206150545
5088.0 0.9236282653
5089.0 0.92689647255
5090.0 0.9205372132
5091.0 0.9230612634
5092.0 0.9246505059
5093.0 0.9218374218
5094.0 0.9233529897
5095.0 0.9240903165
5096.0 0.9234114977
5097.0 0.921283129
5098.0 0.9213393189
5099.0 0.9222268217
5100.0 0.9244097057
5101.0 0.9210336033
5102.0 0.9217863095
5103.0 0.9242088944
5104.0 0.92259409335
5105.0 0.9246571076
5106.0 0.9198340022
5107.0 0.92036108155
5108.0 0.9261405228
5109.0 0.9216012587
5110.0 0.9183374565
5111.0 0.9219668165
5112.0 0.9211089116
5113.0 0.9213548212
5114.0 0.9180556746
5115.0 0.91865071965
5116.0 0.919670405
5117.0 0.9216709864
5118.0 0.9190717062
5119.0 0.9229004746
5120.0 0.9148980087
5121.0 0.9193475782
5122.0 0.9191621487
5123.0 0.9219598969
5124.0 0.9217917478
5125.0 0.9184541577
5126.0 0.921295378
5127.0 0.9246634824
5128.0 0.9161429363
5129.0 0.91986708965
5130.0 0.9199894439
5131.0 0.9192352899
5132.0 0.9211232585
5133.0 0.9158789381
5134.0 0.9189693935
5135.0 0.9198001587
5136.0 0.9178155328
5137.0 0.9191619246
5138.0 0.92000972305
5139.0 0.9170727081
5140.0 0.91917275785
5141.0 0.9221941649
5142.0 0.9199407056
5143.0 0.9180726576
5144.0 0.9188722534
5145.0 0.9174968793
5146.0 0.9215821418
5147.0 0.9175636928
5148.0 0.9185834889
5149.0 0.91918945835
5150.0 0.9154827469
5151.0 0.91970944515
5152.0 0.916560636
5153.0 0.9125441696
5154.0 0.91814490275
5155.0 0.915019166
5156.0 0.9165661393
5157.0 0.9177820878
5158.0 0.9164724075
5159.0 0.9143973806
5160.0 0.91642667175
5161.0 0.9135852275
5162.0 0.9176881652
5163.0 0.91722065075
5164.0 0.9155742786
5165.0 0.916591396
5166.0 0.9138685464
5167.0 0.9142730031
5168.0 0.91335255535
5169.0 0.9137273648
5170.0 0.9116950272
5171.0 0.9145254957
5172.0 0.9144583385
5173.0 0.91551601945
5174.0 0.9144945603
5175.0 0.9141404397
5176.0 0.9136673366
5177.0 0.9192521968
5178.0 0.9140011968
5179.0 0.9145516139
5180.0 0.916550405
5181.0 0.9088141474
5182.0 0.91525354155
5183.0 0.913378507
5184.0 0.91481588455
5185.0 0.9117000257
5186.0 0.9164365645
5187.0 0.91342857705
5188.0 0.9128033845
5189.0 0.9115944279
5190.0 0.9165772571
5191.0 0.9126139481
5192.0 0.9129760091
5193.0 0.9131650803
5194.0 0.913543328
5195.0 0.91444986515
5196.0 0.9140718035
5197.0 0.9089525574
5198.0 0.91148163025
5199.0 0.91630479
5200.0 0.9109010989
5201.0 0.91398782345
5202.0 0.9145470479
5203.0 0.9145332872
5204.0 0.915460627
5205.0 0.9159387929
5206.0 0.9114614681
5207.0 0.9130392082
5208.0 0.9138141277
5209.0 0.91039793035
5210.0 0.9146853602
5211.0 0.9156465645
5212.0 0.914374642
5213.0 0.9157779393
5214.0 0.9142191736
5215.0 0.9158934967
5216.0 0.9182837313
5217.0 0.9169231921
5218.0 0.9108744756
5219.0 0.9142553627
5220.0 0.9156316089
5221.0 0.9192097844
5222.0 0.9164747447
5223.0 0.9190168093
5224.0 0.9171386725
5225.0 0.9194103089
5226.0 0.9122590397
5227.0 0.92061971995
5228.0 0.9207742732
5229.0 0.9196697096
5230.0 0.92200064965
5231.0 0.9220353766
5232.0 0.91863590045
5233.0 0.9199568021
5234.0 0.9191015282
5235.0 0.9187724517
5236.0 0.9195863901
5237.0 0.9227201166
5238.0 0.92247449605
5239.0 0.9219915701
5240.0 0.92225332385
5241.0 0.9246477091
5242.0 0.9225042727
5243.0 0.9210284026
5244.0 0.9223849022
5245.0 0.9219851983
5246.0 0.9187505868
5247.0 0.9205165591
5248.0 0.921608134
5249.0 0.923512512
5250.0 0.9199287886
5251.0 0.9190171013
5252.0 0.9197750917
5253.0 0.9205603728
5254.0 0.9215347822
5255.0 0.9218621586
5256.0 0.9202038654
5257.0 0.9198466162
5258.0 0.9213676499
5259.0 0.9172420199
5260.0 0.9200897659
5261.0 0.92126941515
5262.0 0.9212077419
5263.0 0.91680168145
5264.0 0.9207335931
5265.0 0.9168449638
5266.0 0.9188454093
5267.0 0.9169901063
5268.0 0.9169350441
5269.0 0.91650227845
5270.0 0.9181647824
5271.0 0.9139309031
5272.0 0.9126316975
5273.0 0.916125796
5274.0 0.91048003145
5275.0 0.9120485137
5276.0 0.9110062352
5277.0 0.910829777
5278.0 0.9113665598
5279.0 0.90998548205
5280.0 0.9072293936
5281.0 0.9088080422
5282.0 0.9051054891
5283.0 0.9071644188
5284.0 0.90760352695
5285.0 0.9046580954
5286.0 0.90519934265
5287.0 0.9051929249
5288.0 0.8998230088
5289.0 0.90574484075
5290.0 0.9069273483
5291.0 0.90454551795
5292.0 0.9032528115
5293.0 0.9022913356
5294.0 0.9033895514
5295.0 0.9020203952
5296.0 0.9043633334
5297.0 0.9030299985
5298.0 0.9009650435
5299.0 0.90177230665
5300.0 0.9035806319
5301.0 0.902214299
5302.0 0.902037751
5303.0 0.8985278391
5304.0 0.90101977315
5305.0 0.9013979031
5306.0 0.9010684268
5307.0 0.9022423759
5308.0 0.9001472959
5309.0 0.89988209135
5310.0 0.899473841
5311.0 0.9043400629
5312.0 0.9033994953
5313.0 0.9035279673
5314.0 0.90050790885
5315.0 0.9038165072
5316.0 0.903673296
5317.0 0.9024691236
5318.0 0.9045642744
5319.0 0.9048529237
5320.0 0.9000235701
5321.0 0.9056406419
5322.0 0.9062970804
5323.0 0.9051291372
5324.0 0.9059256569
5325.0 0.9084255939
5326.0 0.90845335155
5327.0 0.9126726999
5328.0 0.90858228615
5329.0 0.9053964284
5330.0 0.9083274537
5331.0 0.91135148225
5332.0 0.9103479342
5333.0 0.90991198985
5334.0 0.9076762372
5335.0 0.9087428393
5336.0 0.9124093373
5337.0 0.9154224974
5338.0 0.911603427
5339.0 0.9101467587
5340.0 0.9121678023
5341.0 0.9152409578
5342.0 0.9115701114
5343.0 0.914036781
5344.0 0.9152005903
5345.0 0.9144925341
5346.0 0.9116820437
5347.0 0.9135041343
5348.0 0.9143136207
5349.0 0.9147082149
5350.0 0.9133672659
5351.0 0.9116561105
5352.0 0.915076299
5353.0 0.912660084
5354.0 0.9127668803
5355.0 0.91262554275
5356.0 0.91084767
5357.0 0.9134182372
5358.0 0.9156169344
5359.0 0.9063772179
5360.0 0.91434606515
5361.0 0.9116693213
5362.0 0.90887731665
5363.0 0.9096333043
5364.0 0.910893844
5365.0 0.91156236395
5366.0 0.9098876232
5367.0 0.9129544937
5368.0 0.9133975473
5369.0 0.9082001759
5370.0 0.9078150561
5371.0 0.9109544427
5372.0 0.90995679325
5373.0 0.9077618516
5374.0 0.9077224489
5375.0 0.9089256655
5376.0 0.9082613213
5377.0 0.9049954931
5378.0 0.9043443603
5379.0 0.90673008755
5380.0 0.9076779756
5381.0 0.9046073154
5382.0 0.903535669
5383.0 0.9076934092
5384.0 0.903344178
5385.0 0.9096535946
5386.0 0.9057447033
5387.0 0.9082640086
5388.0 0.90130561975
5389.0 0.9002952747
5390.0 0.90368252105
5391.0 0.9027321582
5392.0 0.9021870629
5393.0 0.90394873255
5394.0 0.9051916389
5395.0 0.9022373909
5396.0 0.9035050456
5397.0 0.89890432595
5398.0 0.8994380806
5399.0 0.90124748455
5400.0 0.8974049601
5401.0 0.8979192166
5402.0 0.8962370368
5403.0 0.8980614061
5404.0 0.8961527808
5405.0 0.8935365499
5406.0 0.89657744115
5407.0 0.8953530953
5408.0 0.8950609148
5409.0 0.89096416815
5410.0 0.892530116
5411.0 0.89178794275
5412.0 0.8912085754
5413.0 0.89046641645
5414.0 0.8904317802
5415.0 0.8878510326
5416.0 0.8826052423
5417.0 0.8872508694
5418.0 0.88743524065
5419.0 0.8816538192
5420.0 0.8824192667
5421.0 0.8805477968
5422.0 0.88107833685
5423.0 0.8807878369
5424.0 0.878396802
5425.0 0.8775837624
5426.0 0.8751025966
5427.0 0.87511740555
5428.0 0.8783312287
5429.0 0.8731983829
5430.0 0.8720046974
5431.0 0.87200072655
5432.0 0.8717007094
5433.0 0.8665423526
5434.0 0.8671563386
5435.0 0.8644479387
5436.0 0.862203159
5437.0 0.8602055773
5438.0 0.85868985545
5439.0 0.8579473122
5440.0 0.84952727065
5441.0 0.8469935726
5442.0 0.8398705982
5443.0 0.8349339624
5444.0 0.8327581408
5445.0 0.8219573277
5446.0 0.8093992848
5447.0 0.8014402705
5448.0 0.7916674368
5449.0 0.78010544595
5450.0 0.767303932
5451.0 0.74820140505
5452.0 0.7326795756
5453.0 0.71582955315
5454.0 0.6947504382
5455.0 0.6741892015
5456.0 0.6535271436
5457.0 0.6369776549
5458.0 0.61120875355
5459.0 0.5890774174
5460.0 0.5634088967
5461.0 0.5364268928
5462.0 0.5102206643
5463.0 0.4812649165
5464.0 0.45747566255
5465.0 0.430312248
5466.0 0.4046958949
5467.0 0.3796603947
5468.0 0.35496221685
5469.0 0.3316667892
5470.0 0.3170469873
5471.0 0.296314082
5472.0 0.2749311597
5473.0 0.25539400225
5474.0 0.2380197838
5475.0 0.2193791021
5476.0 0.2034766697
5477.0 0.18898683335
5478.0 0.1735705765
5479.0 0.1617039096
5480.0 0.1496395497
5481.0 0.1381646708
5482.0 0.1284635684
5483.0 0.1181885273
5484.0 0.1096958314
5485.0 0.1036861314
5486.0 0.095866306925
5487.0 0.08851888306
5488.0 0.08248602826
5489.0 0.07585137907
5490.0 0.070874848925
5491.0 0.06565776063
5492.0 0.06045905339
5493.0 0.05716858593
5494.0 0.05255592485
5495.0 0.04895245036
5496.0 0.04570197376
5497.0 0.04237426667
5498.0 0.039606206325
5499.0 0.0368993291
5500.0 0.03448284643
5501.0 0.0326689822
5502.0 0.03023016326
5503.0 0.02832946046
5504.0 0.02718268725
5505.0 0.0251650139
5506.0 0.02371768045
5507.0 0.022197304475
5508.0 0.02117222494
5509.0 0.01966537473
5510.0 0.01810143326
5511.0 0.01743636383
5512.0 0.0165018586
5513.0 0.01529359789
5514.0 0.01459358715
5515.0 0.01388383124
5516.0 0.0131396644
5517.0 0.012299619485
5518.0 0.01169426682
5519.0 0.011083325435
5520.0 0.0104593409
5521.0 0.01001243327
5522.0 0.00934231889
5523.0 0.008959454565
5524.0 0.00853005895
5525.0 0.008245437755
5526.0 0.00757836409
5527.0 0.007299352205
5528.0 0.00704340259
5529.0 0.006769091445
5530.0 0.00645341553
5531.0 0.00628478867
5532.0 0.00593292275
5533.0 0.0055767926
5534.0 0.00537251544
5535.0 0.00521401383
5536.0 0.00515319453
5537.0 0.00486850342
5538.0 0.00443235257
5539.0 0.00429975418
5540.0 0.00417716961
5541.0 0.004122242365
5542.0 0.00398291751
5543.0 0.00393797479
5544.0 0.00361335323
5545.0 0.00347730524
5546.0 0.00359351196
5547.0 0.0032677442
5548.0 0.00325548351
5549.0 0.003030996775
5550.0 0.00297222048
5551.0 0.003002229665
5552.0 0.00267398873
5553.0 0.00272912698
5554.0 0.0025814779
5555.0 0.002539331895
5556.0 0.00238898383
5557.0 0.0024441759
5558.0 0.0022910018
5559.0 0.002406100725
5560.0 0.00228851363
5561.0 0.0021958208
5562.0 0.00209124626
5563.0 0.001945658665
5564.0 0.00204425956
5565.0 0.00188693496
5566.0 0.00203047494
5567.0 0.00192530531
5568.0 0.0017325787
5569.0 0.001749612125
5570.0 0.00181338169
5571.0 0.001666441715
5572.0 0.00150750183
5573.0 0.001532858835
5574.0 0.00169844206
5575.0 0.001666940135
5576.0 0.00165496623
5577.0 0.001473125515
5578.0 0.00159670723
5579.0 0.001393796165
5580.0 0.0014515972
5581.0 0.001269244925
5582.0 0.00137089285
5583.0 0.001316470735
5584.0 0.00117714741
5585.0 0.001303177825
5586.0 0.0012990456
5587.0 0.00129300308
5588.0 0.001172188825
5589.0 0.00120250758
5590.0 0.00118106618
5591.0 0.00104112441
5592.0 0.00109852827
5593.0 0.00109411121
5594.0 0.00106118851
5595.0 0.001151861
5596.0 0.001049122345
5597.0 0.00110417835
5598.0 0.000947122925
5599.0 0.00104288994
5600.0 0.00094819216
5601.0 0.00099307484
5602.0 0.000933874075
5603.0 0.00084271882
5604.0 0.000968644405
5605.0 0.0007526957
5606.0 0.00090711976
5607.0 0.000897155305
5608.0 0.00085785065
5609.0 0.000818828595
5610.0 0.00081308632
5611.0 0.00079734064
5612.0 0.00078494305
5613.0 0.000843876685
5614.0 0.00087004942
5615.0 0.000830309275
5616.0 0.00071051651
5617.0 0.000784855505
5618.0 0.00076116008
5619.0 0.000800463465
5620.0 0.000739025665
5621.0 0.00076745309
5622.0 0.00069187491
5623.0 0.00079187468
5624.0 0.00066914889
5625.0 0.00067718736
5626.0 0.00079103304
5627.0 0.000709705
5628.0 0.00068277554
5629.0 0.0006384011
5630.0 0.00066310704
5631.0 0.000666312065
5632.0 0.00067798908
5633.0 0.000609812135
5634.0 0.00067653277
5635.0 0.000634984555
5636.0 0.00064239648
5637.0 0.000624984095
5638.0 0.00061528607
5639.0 0.000616039205
5640.0 0.00059977867
5641.0 0.00061977873
5642.0 0.000634835665
5643.0 0.00052272152
5644.0 0.000617982375
5645.0 0.00055342199
5646.0 0.000550986915
5647.0 0.00050187786
5648.0 0.000480163165
