3676.0 0.003213451517
3677.0 0.003368547991
3678.0 0.002972874062
3679.0 0.003148939698
3680.0 0.003287323176
3681.0 0.003028793723
3682.0 0.00305509121
3683.0 0.003134125514
3684.0 0.003216284935
3685.0 0.003033987946
3686.0 0.002951366782
3687.0 0.003240496817
3688.0 0.002872783138
3689.0 0.002882164709
3690.0 0.002596911061
3691.0 0.002975477087
3692.0 0.00296166639
3693.0 0.002825046948
3694.0 0.002662597
3695.0 0.003053657255
3696.0 0.002828837007
3697.0 0.002996805523
3698.0 0.003123926496
3699.0 0.003062057236
3700.0 0.002845841713
3701.0 0.003084800283
3702.0 0.002883719
3703.0 0.003077384639
3704.0 0.002820114223
3705.0 0.003093853731
3706.0 0.002818382074
3707.0 0.003000835119
3708.0 0.002879548959
3709.0 0.002933645728
3710.0 0.002810221947
3711.0 0.002755889607
3712.0 0.002792255916
3713.0 0.002812651661
3714.0 0.003101625705
3715.0 0.002977613209
3716.0 0.002830755652
3717.0 0.002747334345
3718.0 0.002843746782
3719.0 0.003300983421
3720.0 0.002620467743
3721.0 0.002878564968
3722.0 0.00266511344
3723.0 0.002625162102
3724.0 0.002603030767
3725.0 0.002753540224
3726.0 0.002714044839
3727.0 0.002820873898
3728.0 0.002612506138
3729.0 0.002725235901
3730.0 0.002726585425
3731.0 0.003080016385
3732.0 0.002734938078
3733.0 0.002848063662
3734.0 0.002782070148
3735.0 0.002964188345
3736.0 0.002919293351
3737.0 0.002667280521
3738.0 0.002742867041
3739.0 0.002679891518
3740.0 0.002612558364
3741.0 0.002932773421
3742.0 0.002517640258
3743.0 0.00279574518
3744.0 0.002648321109
3745.0 0.002631975839
3746.0 0.002613766186
3747.0 0.002491572489
3748.0 0.002818878235
3749.0 0.002543578507
3750.0 0.002700970974
3751.0 0.002589510757
3752.0 0.002917398173
3753.0 0.002713905342
3754.0 0.002574263606
3755.0 0.002545255223
3756.0 0.002559337505
3757.0 0.002656710864
3758.0 0.002527296342
3759.0 0.002226872409
3760.0 0.002614126425
3761.0 0.002376412147
3762.0 0.002590681712
3763.0 0.002613932279
3764.0 0.00267162437
3765.0 0.002601004428
3766.0 0.002581502941
3767.0 0.002413504432
3768.0 0.002624095995
3769.0 0.002715754146
3770.0 0.00247708882
3771.0 0.002334851083
3772.0 0.002608431327
3773.0 0.002503369363
3774.0 0.002490355364
3775.0 0.002575304705
3776.0 0.002429155137
3777.0 0.002263555476
3778.0 0.002333407645
3779.0 0.00248418414
3780.0 0.002522148615
3781.0 0.002410780962
3782.0 0.002435792201
3783.0 0.002268364884
3784.0 0.002546318398
3785.0 0.002351448414
3786.0 0.002286518133
3787.0 0.002389875585
3788.0 0.00242238911
3789.0 0.00233275928
3790.0 0.002345214804
3791.0 0.002250755707
3792.0 0.002172431582
3793.0 0.002505594336
3794.0 0.002346918642
3795.0 0.00242828456
3796.0 0.002389575006
3797.0 0.002409984342
3798.0 0.00220976082
3799.0 0.002396964163
3800.0 0.002383216611
3801.0 0.002174720973
3802.0 0.002453484024
3803.0 0.002337941574
3804.0 0.002343631173
3805.0 0.002258363772
3806.0 0.00232883419
3807.0 0.002107487857
3808.0 0.002224212511
3809.0 0.002386382389
3810.0 0.002278429755
3811.0 0.002222755009
3812.0 0.002240323999
3813.0 0.002160646827
3814.0 0.002284701124
3815.0 0.002214129765
3816.0 0.002224383146
3817.0 0.002312315167
3818.0 0.002277923066
3819.0 0.002123911667
3820.0 0.002218988367
3821.0 0.002254329913
3822.0 0.002046315564
3823.0 0.002237571953
3824.0 0.001993541515
3825.0 0.002240218797
3826.0 0.002166867305
3827.0 0.002196273768
3828.0 0.002172136969
3829.0 0.002055044097
3830.0 0.00202281249
3831.0 0.002038433712
3832.0 0.002188192566
3833.0 0.002095218803
3834.0 0.002284581061
3835.0 0.002075701576
3836.0 0.002373643631
3837.0 0.002084256611
3838.0 0.002154061059
3839.0 0.002091929996
3840.0 0.001914275177
3841.0 0.002017879311
3842.0 0.001949505673
3843.0 0.002227754545
3844.0 0.002206416347
3845.0 0.002175434436
3846.0 0.001894333203
3847.0 0.002187133647
3848.0 0.001750540065
3849.0 0.002032889848
3850.0 0.001986834298
3851.0 0.002119044646
3852.0 0.002102593546
3853.0 0.002047192045
3854.0 0.002082214491
3855.0 0.001942876044
3856.0 0.001801262316
3857.0 0.00208723275
3858.0 0.001932155575
3859.0 0.001787168717
3860.0 0.001985672624
3861.0 0.001927038893
3862.0 0.00200084126
3863.0 0.001945854329
3864.0 0.002034091455
3865.0 0.001908279452
3866.0 0.002129292439
3867.0 0.001950152688
3868.0 0.001969043662
3869.0 0.001925025971
3870.0 0.001989140966
3871.0 0.001938964258
3872.0 0.002029361029
3873.0 0.001808364222
3874.0 0.00192423735
3875.0 0.001948898091
3876.0 0.001900964026
3877.0 0.001873596824
3878.0 0.001887952566
3879.0 0.001942427827
3880.0 0.001746170402
3881.0 0.001924640128
3882.0 0.001883914148
3883.0 0.001948795377
3884.0 0.001925015336
3885.0 0.001868699044
3886.0 0.001824682893
3887.0 0.001913764723
3888.0 0.001948494627
3889.0 0.001996441503
3890.0 0.001925717069
3891.0 0.001823198097
3892.0 0.001774303902
3893.0 0.001879197364
3894.0 0.001792592227
3895.0 0.001960789027
3896.0 0.001864316356
3897.0 0.001895732446
3898.0 0.001982977357
3899.0 0.001823771203
3900.0 0.001942917507
3901.0 0.001876824983
3902.0 0.001805015705
3903.0 0.00191891421
3904.0 0.001954855967
3905.0 0.001916553036
3906.0 0.001773375339
3907.0 0.00188709762
3908.0 0.001956938496
3909.0 0.00200224363
3910.0 0.001943783453
3911.0 0.001925795907
3912.0 0.001837697272
3913.0 0.001823037533
3914.0 0.001941207455
3915.0 0.001888237869
3916.0 0.001776054762
3917.0 0.001733384381
3918.0 0.001902964173
3919.0 0.001891472392
3920.0 0.001774500189
3921.0 0.001734769529
3922.0 0.001897839448
3923.0 0.001717526682
3924.0 0.001975381793
3925.0 0.001744961105
3926.0 0.001825324275
3927.0 0.001903542009
3928.0 0.001689146373
3929.0 0.001836534605
3930.0 0.001835570506
3931.0 0.001784718027
3932.0 0.001814250742
3933.0 0.001756500679
3934.0 0.001801227706
3935.0 0.001829173018
3936.0 0.001807945131
3937.0 0.001768259397
3938.0 0.00176381964
3939.0 0.001786904812
3940.0 0.001804632329
3941.0 0.001771406811
3942.0 0.001863804774
3943.0 0.001835003596
3944.0 0.001827446705
3945.0 0.00174936763
3946.0 0.00178347143
3947.0 0.001757890558
3948.0 0.00180806845
3949.0 0.001790249784
3950.0 0.001661762769
3951.0 0.001803542933
3952.0 0.001679548348
3953.0 0.001859962229
3954.0 0.00179530764
3955.0 0.001830968474
3956.0 0.001728264608
3957.0 0.001806080523
3958.0 0.00178412086
3959.0 0.001796018017
3960.0 0.001861046412
3961.0 0.001772786876
3962.0 0.001700987674
3963.0 0.001824439479
3964.0 0.001811360671
3965.0 0.001810511912
3966.0 0.001747607768
3967.0 0.001723684587
3968.0 0.001764677764
3969.0 0.001658034237
3970.0 0.001761471274
3971.0 0.001715862806
3972.0 0.001761608632
3973.0 0.001734662708
3974.0 0.001779069957
3975.0 0.001831435215
3976.0 0.001765881873
3977.0 0.001740878325
3978.0 0.001713494434
3979.0 0.001778440553
3980.0 0.001755192987
3981.0 0.001860903312
3982.0 0.001770215426
3983.0 0.001823177804
3984.0 0.001817623442
3985.0 0.00175374079
3986.0 0.001745517511
3987.0 0.00179822025
3988.0 0.001765222748
3989.0 0.001842201996
3990.0 0.001842974383
3991.0 0.001834724153
3992.0 0.001787288024
3993.0 0.001688430397
3994.0 0.001920948226
3995.0 0.00168560957
3996.0 0.001784497979
3997.0 0.001845520044
3998.0 0.001874307147
3999.0 0.001924849325
4000.0 0.001840348836
4001.0 0.001836808642
4002.0 0.001943098429
4003.0 0.001879235406
4004.0 0.001781625563
4005.0 0.001888411187
4006.0 0.001760855499
4007.0 0.001845888335
4008.0 0.002027733798
4009.0 0.001860285057
4010.0 0.001853636076
4011.0 0.001872177192
4012.0 0.001886400131
4013.0 0.002052986923
4014.0 0.001816925992
4015.0 0.001839929748
4016.0 0.001808368193
4017.0 0.001932265073
4018.0 0.001954795752
4019.0 0.001928959331
4020.0 0.002085575046
4021.0 0.002008937856
4022.0 0.001998682804
4023.0 0.002136096421
4024.0 0.002098542049
4025.0 0.002099622816
4026.0 0.002134003334
4027.0 0.00224443994
4028.0 0.002140318551
4029.0 0.002213942754
4030.0 0.002113699994
4031.0 0.002149992333
4032.0 0.0022083387
4033.0 0.002255008107
4034.0 0.002226823877
4035.0 0.00240007984
4036.0 0.002305137438
4037.0 0.002387880315
4038.0 0.002420608411
4039.0 0.00257075058
4040.0 0.00255057626
4041.0 0.00253621497
4042.0 0.002529917902
4043.0 0.002657642362
4044.0 0.002586624364
4045.0 0.002608404607
4046.0 0.002636335793
4047.0 0.00259047784
4048.0 0.002622839384
4049.0 0.002698086465
4050.0 0.002724876383
4051.0 0.002709156977
4052.0 0.002805932495
4053.0 0.002694170238
4054.0 0.00284467713
4055.0 0.002858305434
4056.0 0.00282820206
4057.0 0.002883867971
4058.0 0.002950009632
4059.0 0.002981803522
4060.0 0.003131314976
4061.0 0.003165637566
4062.0 0.003130353886
4063.0 0.003251379705
4064.0 0.003230042006
4065.0 0.003287769669
4066.0 0.00325807871
4067.0 0.003545725219
4068.0 0.003526892864
4069.0 0.003605857572
4070.0 0.00376317059
4071.0 0.003792396987
4072.0 0.003914218521
4073.0 0.004050622606
4074.0 0.004151818972
4075.0 0.004355110958
4076.0 0.004537333834
4077.0 0.004652415536
4078.0 0.004970421459
4079.0 0.00511313705
4080.0 0.005206955135
4081.0 0.005483722374
4082.0 0.005843872024
4083.0 0.006051527556
4084.0 0.006409869801
4085.0 0.006767283498
4086.0 0.007256548707
4087.0 0.007790578185
4088.0 0.00814120123
4089.0 0.008638671824
4090.0 0.009469317834
4091.0 0.010271442678
4092.0 0.010944784199
4093.0 0.011800521941
4094.0 0.012927043334
4095.0 0.014377614721
4096.0 0.015375583488
4097.0 0.016703878047
4098.0 0.018605714676
4099.0 0.020923006821
4100.0 0.022459645623
4101.0 0.024422409173
4102.0 0.027413936262
4103.0 0.030940844899
4104.0 0.033436839074
4105.0 0.036012015743
4106.0 0.039088354802
4107.0 0.043869165658
4108.0 0.048778701836
4109.0 0.052696807903
4110.0 0.056576694634
4111.0 0.062485701872
4112.0 0.069299571175
4113.0 0.07375571972
4114.0 0.078126926673
4115.0 0.085885938089
4116.0 0.093458604823
4117.0 0.098697126215
4118.0 0.104200180381
4119.0 0.109264201072
4120.0 0.117996960006
4121.0 0.126547125943
4122.0 0.132608977695
4123.0 0.138586322299
4124.0 0.148379608458
4125.0 0.158362827421
4126.0 0.165499562891
4127.0 0.172439841815
4128.0 0.183833900996
4129.0 0.195947644017
4130.0 0.203773002926
4131.0 0.212682605828
4132.0 0.226248355147
4133.0 0.241216271014
4134.0 0.252166005507
4135.0 0.262330128009
4136.0 0.280540805437
4137.0 0.2989231455
4138.0 0.31247557778
4139.0 0.323970037888
4140.0 0.339652070616
4141.0 0.360811647801
4142.0 0.381997476294
4143.0 0.396978333353
4144.0 0.412531841114
4145.0 0.435294171538
4146.0 0.459234822798
4147.0 0.474262589481
4148.0 0.489092518182
4149.0 0.511029814412
4150.0 0.533337623544
4151.0 0.54777566452
4152.0 0.561003015702
4153.0 0.580286097175
4154.0 0.599562261277
4155.0 0.608664295336
4156.0 0.619685222504
4157.0 0.634431821751
4158.0 0.648046407837
4159.0 0.655939798983
4160.0 0.662276387506
4161.0 0.673273275319
4162.0 0.680325267212
4163.0 0.684703091548
4164.0 0.689282087876
4165.0 0.693536769177
4166.0 0.696796000869
4167.0 0.699667319165
4168.0 0.701543728779
4169.0 0.70216001303
4170.0 0.706170740483
4171.0 0.705892349897
4172.0 0.706159392712
4173.0 0.708106177062
4174.0 0.707254570206
4175.0 0.705960777499
4176.0 0.708467032402
4177.0 0.710074886479
4178.0 0.707399306966
4179.0 0.708685471764
4180.0 0.709996055308
4181.0 0.710280061
4182.0 0.709170527716
4183.0 0.712927745054
4184.0 0.711755552223
4185.0 0.715121370691
4186.0 0.71603680598
4187.0 0.717767100365
4188.0 0.722030408058
4189.0 0.723336833703
4190.0 0.723839261523
4191.0 0.729748682295
4192.0 0.730475831638
4193.0 0.733809710351
4194.0 0.737908713691
4195.0 0.741761828681
4196.0 0.744453549023
4197.0 0.744805196736
4198.0 0.750897038102
4199.0 0.755575084332
4200.0 0.759126924332
4201.0 0.765252394542
4202.0 0.767042556469
4203.0 0.772657594464
4204.0 0.774847079439
4205.0 0.776384909947
4206.0 0.78180937918
4207.0 0.782733165758
4208.0 0.786277504242
4209.0 0.789353749326
4210.0 0.790275826577
4211.0 0.791577826651
4212.0 0.793877822763
4213.0 0.793974550701
4214.0 0.796232884722
4215.0 0.795009375217
4216.0 0.795587128315
4217.0 0.796694797299
4218.0 0.797252969616
4219.0 0.793845966201
4220.0 0.794875644937
4221.0 0.793156316456
4222.0 0.788258827521
4223.0 0.790343056629
4224.0 0.790210326354
4225.0 0.786411388877
4226.0 0.784133919406
4227.0 0.783495233149
4228.0 0.783492232467
4229.0 0.78005098156
4230.0 0.777113185158
4231.0 0.774273862557
4232.0 0.774133357749
4233.0 0.771556594914
4234.0 0.770332081584
4235.0 0.769031476072
4236.0 0.768044292414
4237.0 0.766566134687
4238.0 0.765454653493
4239.0 0.768193764698
4240.0 0.764226281195
4241.0 0.761359995177
4242.0 0.762751659321
4243.0 0.760910508478
4244.0 0.763375994739
4245.0 0.764420134502
4246.0 0.763922567098
4247.0 0.762009335361
4248.0 0.766001812121
4249.0 0.764609001604
4250.0 0.765925521827
4251.0 0.767953828321
4252.0 0.767648975062
4253.0 0.767825987983
4254.0 0.769397106511
4255.0 0.769613291281
4256.0 0.76870323793
4257.0 0.772278202223
4258.0 0.77030944261
4259.0 0.771990141325
4260.0 0.772934633359
4261.0 0.772986282295
4262.0 0.770650013631
4263.0 0.775027199564
4264.0 0.776219256978
4265.0 0.776520020936
4266.0 0.775247289818
4267.0 0.779377902172
4268.0 0.779185412388
4269.0 0.777182328039
4270.0 0.779909183009
4271.0 0.778105394918
4272.0 0.779995949862
4273.0 0.777857289977
4274.0 0.778539832578
4275.0 0.780488469909
4276.0 0.780258353746
4277.0 0.780279783657
4278.0 0.778695614122
4279.0 0.780021163368
4280.0 0.781268250456
4281.0 0.77853120412
4282.0 0.781323281568
4283.0 0.78117616355
4284.0 0.780803079848
4285.0 0.782494544388
4286.0 0.78115442287
4287.0 0.783417081329
4288.0 0.782968390762
4289.0 0.782551017831
4290.0 0.784197067286
4291.0 0.785071092847
4292.0 0.785914057262
4293.0 0.785642873967
4294.0 0.785809836715
4295.0 0.788234304371
4296.0 0.788080665549
4297.0 0.787812520884
4298.0 0.789234307289
4299.0 0.790830827698
4300.0 0.789302107099
4301.0 0.791062912631
4302.0 0.793355946804
4303.0 0.793394108942
4304.0 0.795872271025
4305.0 0.796456012247
4306.0 0.793337451008
4307.0 0.797101773679
4308.0 0.798927874694
4309.0 0.802197295949
4310.0 0.800381010399
4311.0 0.802741046531
4312.0 0.803078834637
4313.0 0.804446972761
4314.0 0.804310552843
4315.0 0.806009140871
4316.0 0.805612016746
4317.0 0.806395176131
4318.0 0.806748327892
4319.0 0.81032546961
4320.0 0.808734312509
4321.0 0.809336024568
4322.0 0.812580987433
4323.0 0.810909275864
4324.0 0.812937695285
4325.0 0.811047246254
4326.0 0.810725669104
4327.0 0.815125313786
4328.0 0.815966474182
4329.0 0.814579342693
4330.0 0.815024556371
4331.0 0.815970101826
4332.0 0.81486769089
4333.0 0.818167316978
4334.0 0.816028244749
4335.0 0.816649034584
4336.0 0.818235219996
4337.0 0.81765194852
4338.0 0.818144827945
4339.0 0.818953498287
4340.0 0.818851639635
4341.0 0.819306128981
4342.0 0.818793412502
4343.0 0.816209015914
4344.0 0.818680607966
4345.0 0.819080455212
4346.0 0.819936787778
4347.0 0.819632774267
4348.0 0.818964351516
4349.0 0.819163658032
4350.0 0.818833683593
4351.0 0.818493937359
4352.0 0.822802889708
4353.0 0.819997733407
4354.0 0.821711816891
4355.0 0.821383809239
4356.0 0.821633548991
4357.0 0.821818082299
4358.0 0.820511338184
4359.0 0.819596619356
4360.0 0.819535503421
4361.0 0.821038098897
4362.0 0.820395502798
4363.0 0.820761088813
4364.0 0.822048073059
4365.0 0.819716893093
4366.0 0.819855574129
4367.0 0.81961937277
4368.0 0.818016292376
4369.0 0.816438817838
4370.0 0.81665288902
4371.0 0.815223863205
4372.0 0.815957056144
4373.0 0.81182492499
4374.0 0.810807318632
4375.0 0.811717742856
4376.0 0.808652532263
4377.0 0.811594134694
4378.0 0.806179400534
4379.0 0.805475916
4380.0 0.804017001908
4381.0 0.802442430735
4382.0 0.798960390657
4383.0 0.799295227015
4384.0 0.79817543842
4385.0 0.796106649001
4386.0 0.795921817001
4387.0 0.793374409279
4388.0 0.792319171237
4389.0 0.789923939241
4390.0 0.785790271708
4391.0 0.788269900004
4392.0 0.784480825016
4393.0 0.78194258717
4394.0 0.782578549772
4395.0 0.780941714279
4396.0 0.77872806078
4397.0 0.774320510151
4398.0 0.775388521556
4399.0 0.774482359
4400.0 0.773602282834
4401.0 0.771890874187
4402.0 0.771285091782
4403.0 0.772167991381
4404.0 0.768875464168
4405.0 0.772033497378
4406.0 0.77156563545
4407.0 0.771808263845
4408.0 0.767422813234
4409.0 0.767583797128
4410.0 0.769955023564
4411.0 0.770895444465
4412.0 0.774681823461
4413.0 0.773123286101
4414.0 0.773600082341
4415.0 0.770598084967
4416.0 0.770516379639
4417.0 0.773735524796
4418.0 0.773191118395
4419.0 0.779659271531
4420.0 0.776632915651
4421.0 0.77839349979
4422.0 0.780777637176
4423.0 0.781015082497
4424.0 0.779569750617
4425.0 0.781327180542
4426.0 0.779736439304
4427.0 0.786939136058
4428.0 0.788894854718
4429.0 0.789470736452
4430.0 0.792431954587
4431.0 0.789297933658
4432.0 0.795855581549
4433.0 0.798570823149
4434.0 0.800963227803
4435.0 0.803481516106
4436.0 0.799210734475
4437.0 0.807144149754
4438.0 0.805803949243
4439.0 0.809482914164
4440.0 0.808949865964
4441.0 0.816277617797
4442.0 0.811887191214
4443.0 0.817269189926
4444.0 0.815370599271
4445.0 0.819600010636
4446.0 0.819399897786
4447.0 0.814323842566
4448.0 0.819100105879
4449.0 0.823349770081
4450.0 0.82594600593
4451.0 0.826102749133
4452.0 0.822626875142
4453.0 0.829292520631
4454.0 0.824415171112
4455.0 0.824881620424
4456.0 0.825295848826
4457.0 0.830153474129
4458.0 0.827975058632
4459.0 0.826228984332
4460.0 0.827463511503
4461.0 0.827891885566
4462.0 0.829046651708
4463.0 0.827607296526
4464.0 0.82263163433
4465.0 0.824348653208
4466.0 0.828571312787
4467.0 0.826021944052
4468.0 0.818783210136
4469.0 0.823769719254
4470.0 0.823510634503
4471.0 0.821955523047
4472.0 0.823452852697
4473.0 0.822863211327
4474.0 0.82016281395
4475.0 0.816670638653
4476.0 0.818526150837
4477.0 0.820768401415
4478.0 0.819506735363
4479.0 0.818214318627
4480.0 0.815966034523
4481.0 0.812504714473
4482.0 0.813181743096
4483.0 0.811132900998
4484.0 0.814357862752
4485.0 0.810535198271
4486.0 0.808419716812
4487.0 0.809115477614
4488.0 0.812094110157
4489.0 0.807701245221
4490.0 0.808173763957
4491.0 0.806667025996
4492.0 0.805851261044
4493.0 0.804405827676
4494.0 0.804922223271
4495.0 0.807836497252
4496.0 0.802174348158
4497.0 0.802937012217
4498.0 0.804563037918
4499.0 0.802616507679
4500.0 0.808055986295
4501.0 0.801714019603
4502.0 0.803938005264
4503.0 0.801370413311
4504.0 0.803120163565
4505.0 0.801665580266
4506.0 0.797892434094
4507.0 0.805656294711
4508.0 0.798624559403
4509.0 0.799932246753
4510.0 0.798744205832
4511.0 0.802934203269
4512.0 0.80088138309
4513.0 0.79773316226
4514.0 0.798438323752
4515.0 0.796885602864
4516.0 0.802818807549
4517.0 0.798775083091
4518.0 0.799180071457
4519.0 0.798775985382
4520.0 0.802814301073
4521.0 0.802172799385
4522.0 0.797448288624
4523.0 0.802408724867
4524.0 0.801111955056
4525.0 0.800185108235
4526.0 0.799902165012
4527.0 0.800372432353
4528.0 0.79957634134
4529.0 0.799587904358
4530.0 0.801569627291
4531.0 0.80133950182
4532.0 0.805601261368
4533.0 0.801599013874
4534.0 0.8017292168
4535.0 0.802069355866
4536.0 0.804233254341
4537.0 0.804367917442
4538.0 0.804275063225
4539.0 0.806019120863
4540.0 0.803189755228
4541.0 0.807532873333
4542.0 0.80245793525
4543.0 0.804524650701
4544.0 0.80864029805
4545.0 0.807882638436
4546.0 0.808400278754
4547.0 0.808943087447
4548.0 0.811718763858
4549.0 0.813049259575
4550.0 0.813504139166
4551.0 0.812827341722
4552.0 0.812386773892
4553.0 0.816817477402
4554.0 0.816151422693
4555.0 0.819178281911
4556.0 0.815444228557
4557.0 0.817014720965
4558.0 0.813284026935
4559.0 0.816780003108
4560.0 0.818949044463
4561.0 0.823807312665
4562.0 0.817279249462
4563.0 0.82115440122
4564.0 0.822416098615
4565.0 0.822224069692
4566.0 0.822874737853
4567.0 0.82350488547
4568.0 0.826856810849
4569.0 0.828931931744
4570.0 0.826158259046
4571.0 0.826174174931
4572.0 0.831976240559
4573.0 0.827337948001
4574.0 0.829444144305
4575.0 0.831137430541
4576.0 0.834030386139
4577.0 0.832364260736
4578.0 0.831344404693
4579.0 0.835563683559
4580.0 0.839240090738
4581.0 0.83485971833
4582.0 0.835756079989
4583.0 0.838862703046
4584.0 0.835771673731
4585.0 0.837325206619
4586.0 0.840087449455
4587.0 0.843978714703
4588.0 0.840108079003
4589.0 0.837143842119
4590.0 0.842226134288
4591.0 0.841727686402
4592.0 0.843255704814
4593.0 0.847270858547
4594.0 0.83932234785
4595.0 0.844312489433
4596.0 0.843839455119
4597.0 0.846933480764
4598.0 0.844106346755
4599.0 0.842038756045
4600.0 0.84280208958
4601.0 0.841241908145
4602.0 0.840800691758
4603.0 0.840511144589
4604.0 0.842037370751
4605.0 0.844539323736
4606.0 0.841604326303
4607.0 0.840890353981
4608.0 0.845086217555
4609.0 0.842641969923
4610.0 0.838432351675
4611.0 0.841140232434
4612.0 0.836775850865
4613.0 0.839007787018
4614.0 0.840417890195
4615.0 0.837786783241
4616.0 0.840088332622
4617.0 0.83672186828
4618.0 0.835062759424
4619.0 0.837097751418
4620.0 0.834476863424
4621.0 0.837715316592
4622.0 0.831598693235
4623.0 0.832671884315
4624.0 0.834256650273
4625.0 0.833714802881
4626.0 0.835604968146
4627.0 0.828985095538
4628.0 0.832245726728
4629.0 0.832973221929
4630.0 0.830114463644
4631.0 0.832469265163
4632.0 0.829025920184
4633.0 0.833660273846
4634.0 0.828938140783
4635.0 0.830193685286
4636.0 0.82739082751
4637.0 0.827306587149
4638.0 0.826422307438
4639.0 0.827155949962
4640.0 0.827923621592
4641.0 0.827488320559
4642.0 0.826864617326
4643.0 0.828612984462
4644.0 0.826736490445
4645.0 0.826776468676
4646.0 0.829593892383
4647.0 0.82665797445
4648.0 0.826082858994
4649.0 0.829855063041
4650.0 0.826304163651
4651.0 0.826261076518
4652.0 0.827079120888
4653.0 0.82950235119
4654.0 0.82812288234
4655.0 0.829702517178
4656.0 0.828404507956
4657.0 0.833957572725
4658.0 0.828303193443
4659.0 0.831997835213
4660.0 0.82740074104
4661.0 0.830414573512
4662.0 0.830494921656
4663.0 0.830272544471
4664.0 0.83295138119
4665.0 0.831440488125
4666.0 0.834620201268
4667.0 0.830606670833
4668.0 0.829681247039
4669.0 0.833069775255
4670.0 0.831491729185
4671.0 0.834084063674
4672.0 0.83269290758
4673.0 0.831060200161
4674.0 0.834297591195
4675.0 0.832754039931
4676.0 0.83070497041
4677.0 0.828363878525
4678.0 0.834212908702
4679.0 0.833373932068
4680.0 0.833279561123
4681.0 0.829534246856
4682.0 0.833168951935
4683.0 0.835569992036
4684.0 0.833364771425
4685.0 0.833260240863
4686.0 0.833045722595
4687.0 0.835203260459
4688.0 0.834829279213
4689.0 0.829975212177
4690.0 0.831213840052
4691.0 0.831695481153
4692.0 0.832576179544
4693.0 0.83089600041
4694.0 0.829927452234
4695.0 0.833180147504
4696.0 0.82904705747
4697.0 0.829309721175
4698.0 0.828932743914
4699.0 0.830606162253
4700.0 0.828974150397
4701.0 0.826401659193
4702.0 0.829729620316
4703.0 0.829764279035
4704.0 0.831475176879
4705.0 0.829558442936
4706.0 0.828785603626
4707.0 0.828646073142
4708.0 0.827450058321
4709.0 0.827189426444
4710.0 0.826029418906
4711.0 0.828995907478
4712.0 0.829553848128
4713.0 0.823785658964
4714.0 0.825891772466
4715.0 0.829326612233
4716.0 0.828369291158
4717.0 0.829878567063
4718.0 0.827244344221
4719.0 0.831550441667
4720.0 0.833748641166
4721.0 0.830164752424
4722.0 0.833290001753
4723.0 0.830810378466
4724.0 0.83332087711
4725.0 0.830308375922
4726.0 0.836352180966
4727.0 0.834644266423
4728.0 0.8365042584
4729.0 0.833279824312
4730.0 0.834968823897
4731.0 0.835414317114
4732.0 0.839039177864
4733.0 0.836284688675
4734.0 0.838938197196
4735.0 0.840155252714
4736.0 0.839814126089
4737.0 0.842358073054
4738.0 0.84197422763
4739.0 0.841855427831
4740.0 0.845918729648
4741.0 0.844838935132
4742.0 0.846589506563
4743.0 0.84345597833
4744.0 0.846907992271
4745.0 0.850849527409
4746.0 0.847902887083
4747.0 0.849078972867
4748.0 0.849694398501
4749.0 0.847362747305
4750.0 0.848208961442
4751.0 0.84813779999
4752.0 0.852410653252
4753.0 0.850050227177
4754.0 0.853885398037
4755.0 0.852475690706
4756.0 0.85587559225
4757.0 0.851349954522
4758.0 0.854081181999
4759.0 0.853318424172
4760.0 0.853460795374
4761.0 0.853185246609
4762.0 0.857279701183
4763.0 0.857232301585
4764.0 0.855878842392
4765.0 0.856898339709
4766.0 0.854336778935
4767.0 0.855678038275
4768.0 0.855446796537
4769.0 0.854423688254
4770.0 0.852369910688
4771.0 0.852982973883
4772.0 0.854358747804
4773.0 0.856411871947
4774.0 0.851680256802
4775.0 0.853242577132
4776.0 0.856459459414
4777.0 0.851693981967
4778.0 0.853630184735
4779.0 0.852479480929
4780.0 0.850145446753
4781.0 0.849731903033
4782.0 0.851130724131
4783.0 0.847807684505
4784.0 0.84869518583
4785.0 0.845391394861
4786.0 0.846697498651
4787.0 0.843301159743
4788.0 0.847513616607
4789.0 0.844184029152
4790.0 0.84163513962
4791.0 0.846804191891
4792.0 0.842246558698
4793.0 0.838582735359
4794.0 0.840292593945
4795.0 0.841117918659
4796.0 0.839789507428
4797.0 0.83577060645
4798.0 0.837633828381
4799.0 0.83824470025
4800.0 0.837121445084
4801.0 0.831832368043
4802.0 0.834814389627
4803.0 0.833161748929
4804.0 0.832928554637
4805.0 0.832056964181
4806.0 0.831226586589
4807.0 0.826971125291
4808.0 0.827983805857
4809.0 0.829697634771
4810.0 0.830191487083
4811.0 0.826659756032
4812.0 0.826331754496
4813.0 0.825311262068
4814.0 0.827003092151
4815.0 0.826628896151
4816.0 0.827821410803
4817.0 0.825272137414
4818.0 0.823979722727
4819.0 0.823770179938
4820.0 0.822058537197
4821.0 0.824291974965
4822.0 0.824554001399
4823.0 0.821758102367
4824.0 0.822087650483
4825.0 0.820399445794
4826.0 0.820598207462
4827.0 0.821410344859
4828.0 0.821902595724
4829.0 0.82078923935
4830.0 0.819890662937
4831.0 0.821470341009
4832.0 0.818275461378
4833.0 0.817532701261
4834.0 0.82107955251
4835.0 0.81903469097
4836.0 0.820265552528
4837.0 0.819486415301
4838.0 0.824209775359
4839.0 0.823251890018
4840.0 0.817381689369
4841.0 0.820837963813
4842.0 0.823624625939
4843.0 0.822105048095
4844.0 0.820749579
4845.0 0.822685615112
4846.0 0.821230801336
4847.0 0.824630399263
4848.0 0.823641545783
4849.0 0.824169727066
4850.0 0.823042648804
4851.0 0.823933010239
4852.0 0.825936063307
4853.0 0.826460265657
4854.0 0.828320174789
4855.0 0.828882930288
4856.0 0.825240164725
4857.0 0.826080581826
4858.0 0.827753382132
4859.0 0.828916170637
4860.0 0.827107150637
4861.0 0.831079164498
4862.0 0.829310356897
4863.0 0.831215694734
4864.0 0.832473777679
4865.0 0.834544450971
4866.0 0.83115915672
4867.0 0.833993934336
4868.0 0.834445023854
4869.0 0.835181503666
4870.0 0.835515688303
4871.0 0.836341959925
4872.0 0.835358542204
4873.0 0.839529674015
4874.0 0.837803312736
4875.0 0.836780598047
4876.0 0.839351415308
4877.0 0.839074196242
4878.0 0.845048286848
4879.0 0.842076001742
4880.0 0.842403948953
4881.0 0.840000360702
4882.0 0.841016014375
4883.0 0.843554528992
4884.0 0.844825719282
4885.0 0.841152200805
4886.0 0.844139036472
4887.0 0.846606736307
4888.0 0.846414668648
4889.0 0.848052271399
4890.0 0.848659774469
4891.0 0.847245621152
4892.0 0.848722316449
4893.0 0.848157584163
4894.0 0.848833281765
4895.0 0.85129131705
4896.0 0.851876710868
4897.0 0.850367257175
4898.0 0.849766514914
4899.0 0.851298266576
4900.0 0.850297053882
4901.0 0.852786454508
4902.0 0.851980545377
4903.0 0.853463966311
4904.0 0.856150593899
4905.0 0.853714346223
4906.0 0.85143287085
4907.0 0.850975691403
4908.0 0.853041230014
4909.0 0.852358941378
4910.0 0.850944162066
4911.0 0.854104683142
4912.0 0.852032850644
4913.0 0.854458713837
4914.0 0.851934787686
4915.0 0.853873065764
4916.0 0.855560293295
4917.0 0.856167965462
4918.0 0.854362814319
4919.0 0.855707642278
4920.0 0.856269732442
4921.0 0.851987681369
4922.0 0.855293711235
4923.0 0.852266777126
4924.0 0.853828329566
4925.0 0.856167728986
4926.0 0.854762616994
4927.0 0.853356413724
4928.0 0.852631107351
4929.0 0.849219858026
4930.0 0.852326789558
4931.0 0.85489943657
4932.0 0.852683173394
4933.0 0.853028983173
4934.0 0.852877721578
4935.0 0.851407417473
4936.0 0.852480124725
4937.0 0.852825597419
4938.0 0.850981419514
4939.0 0.854365964511
4940.0 0.853041555209
4941.0 0.85115066594
4942.0 0.850979206121
4943.0 0.850140223527
4944.0 0.848505482762
4945.0 0.847189348396
4946.0 0.849857000263
4947.0 0.846251501991
4948.0 0.851711378308
4949.0 0.84875194867
4950.0 0.849669821724
4951.0 0.846566640864
4952.0 0.846247751235
4953.0 0.848480138748
4954.0 0.846922981784
4955.0 0.848460462566
4956.0 0.843871418935
4957.0 0.844339169123
4958.0 0.847443299743
4959.0 0.843201754314
4960.0 0.844484225643
4961.0 0.841972966098
4962.0 0.842031263248
4963.0 0.84202711038
4964.0 0.844028945456
4965.0 0.844920564857
4966.0 0.841703542912
4967.0 0.8402875324
4968.0 0.842958483716
4969.0 0.842147843554
4970.0 0.840680866483
4971.0 0.84119512654
4972.0 0.837390091276
4973.0 0.836046928347
4974.0 0.8408481507
4975.0 0.837793585687
4976.0 0.838983767783
4977.0 0.836820098903
4978.0 0.83551210069
4979.0 0.834544708295
4980.0 0.835850546041
4981.0 0.835311122466
4982.0 0.834555790454
4983.0 0.834192484831
4984.0 0.833716004076
4985.0 0.836549902885
4986.0 0.834942979337
4987.0 0.83470646704
4988.0 0.833910810883
4989.0 0.833414472413
4990.0 0.833239233297
4991.0 0.833128559858
4992.0 0.831873684459
4993.0 0.833368598297
4994.0 0.829998993303
4995.0 0.832334788485
4996.0 0.831529466296
4997.0 0.827601609465
4998.0 0.830545144004
4999.0 0.830778497954
5000.0 0.830189389009
5001.0 0.830600197589
5002.0 0.829125523289
5003.0 0.831760190016
5004.0 0.827801018691
5005.0 0.829759214374
5006.0 0.829322443012
5007.0 0.8313947844
5008.0 0.83042497361
5009.0 0.829899540793
5010.0 0.827921840432
5011.0 0.8300861642
5012.0 0.827184775579
5013.0 0.83110424693
5014.0 0.828617304214
5015.0 0.830784149518
5016.0 0.830708013325
5017.0 0.830658910863
5018.0 0.830697662895
5019.0 0.828529371332
5020.0 0.833000919167
5021.0 0.831937820841
5022.0 0.832024612601
5023.0 0.832692018446
5024.0 0.834024070189
5025.0 0.833879738595
5026.0 0.834945803799
5027.0 0.833861649727
5028.0 0.834421166418
5029.0 0.833037265526
5030.0 0.8363944779
5031.0 0.834509552617
5032.0 0.837047407459
5033.0 0.833887677393
5034.0 0.837401011651
5035.0 0.837377350832
5036.0 0.837332880571
5037.0 0.838908016764
5038.0 0.837024305847
5039.0 0.837674982063
5040.0 0.838521170552
5041.0 0.840483658036
5042.0 0.840395542
5043.0 0.840280747479
5044.0 0.838608012601
5045.0 0.839560290665
5046.0 0.842640403565
5047.0 0.841705603567
5048.0 0.842890857847
5049.0 0.843333176256
5050.0 0.841638618571
5051.0 0.840826283353
5052.0 0.842828419453
5053.0 0.843860625864
5054.0 0.845847468842
5055.0 0.845611302254
5056.0 0.844060404358
5057.0 0.848136525681
5058.0 0.848884608277
5059.0 0.84675184949
5060.0 0.848931433005
5061.0 0.848193951611
5062.0 0.84720714559
5063.0 0.850164463149
5064.0 0.8475037755
5065.0 0.848866156654
5066.0 0.849592703258
5067.0 0.851373626793
5068.0 0.852742952994
5069.0 0.85091797817
5070.0 0.848935563664
5071.0 0.851264295248
5072.0 0.852280493644
5073.0 0.850869412082
5074.0 0.851744318901
5075.0 0.852208388541
5076.0 0.850848740308
5077.0 0.854174374266
5078.0 0.85340006724
5079.0 0.85140205692
5080.0 0.851621479341
5081.0 0.851467117192
5082.0 0.85417383994
5083.0 0.850668623911
5084.0 0.851637227157
5085.0 0.853068374896
5086.0 0.851565367791
5087.0 0.850247355464
5088.0 0.853192646847
5089.0 0.853917845229
5090.0 0.850452286767
5091.0 0.852314373856
5092.0 0.852946329425
5093.0 0.850843204827
5094.0 0.852627254437
5095.0 0.852501731992
5096.0 0.850290829164
5097.0 0.849806215045
5098.0 0.850139005838
5099.0 0.85063923573
5100.0 0.851886626638
5101.0 0.849891473483
5102.0 0.852412808622
5103.0 0.851656264096
5104.0 0.850402343754
5105.0 0.851062603405
5106.0 0.850026662381
5107.0 0.84827788127
5108.0 0.851408931382
5109.0 0.849646656637
5110.0 0.847523763914
5111.0 0.850566505325
5112.0 0.849070205653
5113.0 0.850840211319
5114.0 0.847085913309
5115.0 0.849219791723
5116.0 0.849200562681
5117.0 0.849448522878
5118.0 0.848453572817
5119.0 0.850230908791
5120.0 0.846931655884
5121.0 0.850222969098
5122.0 0.848327709927
5123.0 0.848095022055
5124.0 0.849327080903
5125.0 0.848647285653
5126.0 0.849788456386
5127.0 0.849927432344
5128.0 0.848936441554
5129.0 0.848177849834
5130.0 0.847934922466
5131.0 0.849237856643
5132.0 0.847442036184
5133.0 0.847204320677
5134.0 0.846172482001
5135.0 0.848927346258
5136.0 0.845956906276
5137.0 0.844917379559
5138.0 0.848609029185
5139.0 0.847663632927
5140.0 0.847915289038
5141.0 0.848376565245
5142.0 0.849239911002
5143.0 0.845888575787
5144.0 0.848973999659
5145.0 0.846365088483
5146.0 0.847322687433
5147.0 0.847534332689
5148.0 0.847517241608
5149.0 0.847209024726
5150.0 0.847479157915
5151.0 0.846808790563
5152.0 0.846347847251
5153.0 0.844233268655
5154.0 0.846915688321
5155.0 0.845851442106
5156.0 0.844705869731
5157.0 0.846408467041
5158.0 0.843066017265
5159.0 0.843162547364
5160.0 0.843954201878
5161.0 0.845170654578
5162.0 0.846361187815
5163.0 0.845847719064
5164.0 0.844918714577
5165.0 0.844379928004
5166.0 0.842654262051
5167.0 0.841648213624
5168.0 0.843639212891
5169.0 0.843087833445
5170.0 0.843145205773
5171.0 0.844687754542
5172.0 0.844496219161
5173.0 0.84289705536
5174.0 0.843122687929
5175.0 0.84496280579
5176.0 0.842232240205
5177.0 0.845404027362
5178.0 0.843866180876
5179.0 0.842450359735
5180.0 0.844114341074
5181.0 0.840146470705
5182.0 0.844394140926
5183.0 0.84280810955
5184.0 0.843914015691
5185.0 0.842048329733
5186.0 0.844804833184
5187.0 0.843039930932
5188.0 0.84334677284
5189.0 0.840340278027
5190.0 0.843868867956
5191.0 0.840617784806
5192.0 0.84376343564
5193.0 0.842511285647
5194.0 0.844054996072
5195.0 0.844252715663
5196.0 0.842767268612
5197.0 0.843474146572
5198.0 0.843411468472
5199.0 0.843106280315
5200.0 0.842762421308
5201.0 0.842501971992
5202.0 0.842752609062
5203.0 0.843379874229
5204.0 0.843515890714
5205.0 0.845585672082
5206.0 0.843221947002
5207.0 0.844911198418
5208.0 0.843906424562
5209.0 0.842346039117
5210.0 0.843405750244
5211.0 0.846043309882
5212.0 0.843583036012
5213.0 0.846538577127
5214.0 0.844639850742
5215.0 0.844294948461
5216.0 0.846427298647
5217.0 0.845365256845
5218.0 0.844565828019
5219.0 0.845015683804
5220.0 0.845846220029
5221.0 0.8453263882
5222.0 0.84649238371
5223.0 0.849601794599
5224.0 0.845955579806
5225.0 0.849388145011
5226.0 0.844191880766
5227.0 0.848006599428
5228.0 0.847262120201
5229.0 0.846773540828
5230.0 0.849297139972
5231.0 0.849627171779
5232.0 0.847958962343
5233.0 0.848139855784
5234.0 0.848393094999
5235.0 0.848754233171
5236.0 0.848827973075
5237.0 0.849495798859
5238.0 0.849940110463
5239.0 0.849019887228
5240.0 0.849231781721
5241.0 0.852115636327
5242.0 0.847814462483
5243.0 0.849254576648
5244.0 0.849252503962
5245.0 0.850748113483
5246.0 0.847692329787
5247.0 0.848965075083
5248.0 0.850451795557
5249.0 0.851311102501
5250.0 0.84879828184
5251.0 0.847220457031
5252.0 0.849019351735
5253.0 0.848748315563
5254.0 0.850915458459
5255.0 0.852186507705
5256.0 0.849568124753
5257.0 0.850552327807
5258.0 0.850029218734
5259.0 0.847104770774
5260.0 0.850008070397
5261.0 0.848354451943
5262.0 0.849373128526
5263.0 0.846925656628
5264.0 0.848456584493
5265.0 0.846487229648
5266.0 0.84885523779
5267.0 0.847271943678
5268.0 0.847024486096
5269.0 0.846225865998
5270.0 0.847646360986
5271.0 0.843551069552
5272.0 0.843947811218
5273.0 0.844973065418
5274.0 0.842005065067
5275.0 0.844813860699
5276.0 0.841569182993
5277.0 0.840583104895
5278.0 0.841876853198
5279.0 0.842068950587
5280.0 0.839029635172
5281.0 0.84015985021
5282.0 0.838244527402
5283.0 0.839124316339
5284.0 0.838347997953
5285.0 0.83771310194
5286.0 0.838243432102
5287.0 0.837051913442
5288.0 0.836406166403
5289.0 0.837711886367
5290.0 0.837182484284
5291.0 0.835864624624
5292.0 0.835007081534
5293.0 0.834560027526
5294.0 0.835323332847
5295.0 0.834943640196
5296.0 0.835308059622
5297.0 0.834314460802
5298.0 0.833639842326
5299.0 0.833569345883
5300.0 0.833694800529
5301.0 0.833379446336
5302.0 0.834782884513
5303.0 0.833460760881
5304.0 0.833379387075
5305.0 0.833845345029
5306.0 0.833123524615
5307.0 0.833112975067
5308.0 0.832822164556
5309.0 0.833355178819
5310.0 0.832444780873
5311.0 0.83506762691
5312.0 0.834800861019
5313.0 0.833236641047
5314.0 0.834860652773
5315.0 0.833655457793
5316.0 0.835104704186
5317.0 0.834739168772
5318.0 0.83546105858
5319.0 0.836323768084
5320.0 0.832695398455
5321.0 0.835904425942
5322.0 0.837009861895
5323.0 0.83575594388
5324.0 0.837344902218
5325.0 0.83960355787
5326.0 0.838346939715
5327.0 0.841585164419
5328.0 0.840116315324
5329.0 0.836921574603
5330.0 0.839979572479
5331.0 0.84098705744
5332.0 0.840971581262
5333.0 0.841068731891
5334.0 0.840695164492
5335.0 0.841069699666
5336.0 0.842844232493
5337.0 0.843386232775
5338.0 0.841783947564
5339.0 0.841422652385
5340.0 0.842098256816
5341.0 0.845741312827
5342.0 0.843962916218
5343.0 0.844739256324
5344.0 0.845534629456
5345.0 0.845206337021
5346.0 0.845320846253
5347.0 0.845857635723
5348.0 0.84582900979
5349.0 0.845738106939
5350.0 0.846290368087
5351.0 0.843854737996
5352.0 0.846334456859
5353.0 0.845573877941
5354.0 0.844817416138
5355.0 0.846135649716
5356.0 0.845472762439
5357.0 0.844602539607
5358.0 0.846229900857
5359.0 0.843588674067
5360.0 0.845886750166
5361.0 0.844428500435
5362.0 0.843342045874
5363.0 0.843585628446
5364.0 0.844868241676
5365.0 0.84566720865
5366.0 0.845041419353
5367.0 0.84544458182
5368.0 0.846901515845
5369.0 0.843422419179
5370.0 0.844518297501
5371.0 0.84564572054
5372.0 0.843701642473
5373.0 0.84315402009
5374.0 0.842004945278
5375.0 0.842981118987
5376.0 0.842177565694
5377.0 0.841548182503
5378.0 0.840948001362
5379.0 0.840877626706
5380.0 0.843427166423
5381.0 0.840782548196
5382.0 0.840544400702
5383.0 0.842397275776
5384.0 0.840839459681
5385.0 0.844220214131
5386.0 0.842020313756
5387.0 0.843076462645
5388.0 0.839867493809
5389.0 0.839846988573
5390.0 0.841633790024
5391.0 0.83834628389
5392.0 0.842040821034
5393.0 0.841507932446
5394.0 0.842208749989
5395.0 0.841234021372
5396.0 0.840331746907
5397.0 0.839430861863
5398.0 0.838648670947
5399.0 0.839760933699
5400.0 0.839289346322
5401.0 0.838171130415
5402.0 0.837589840667
5403.0 0.8389132467
5404.0 0.836845349173
5405.0 0.835371049311
5406.0 0.836382717298
5407.0 0.835352632688
5408.0 0.836878148238
5409.0 0.833897863741
5410.0 0.834047941139
5411.0 0.833386366105
5412.0 0.831110416748
5413.0 0.832824637253
5414.0 0.832811919009
5415.0 0.829577886696
5416.0 0.828135000592
5417.0 0.827759165343
5418.0 0.829308928342
5419.0 0.827333212271
5420.0 0.825469580156
5421.0 0.825768524287
5422.0 0.825163304446
5423.0 0.824221812156
5424.0 0.823979146567
5425.0 0.822614864617
5426.0 0.821741770549
5427.0 0.820128868707
5428.0 0.822288982788
5429.0 0.81974222848
5430.0 0.819107733423
5431.0 0.818182106588
5432.0 0.816191243205
5433.0 0.815801007891
5434.0 0.814452600808
5435.0 0.814052160221
5436.0 0.81228239315
5437.0 0.809740847617
5438.0 0.809242054652
5439.0 0.807976099829
5440.0 0.803776267979
5441.0 0.80222726409
5442.0 0.799412648856
5443.0 0.797073066488
5444.0 0.793887247074
5445.0 0.788587225269
5446.0 0.781643259525
5447.0 0.77610386227
5448.0 0.769389207555
5449.0 0.76203157378
5450.0 0.754749823431
5451.0 0.741703585124
5452.0 0.731127461064
5453.0 0.718944956161
5454.0 0.704948685343
5455.0 0.688927883737
5456.0 0.675787750734
5457.0 0.662017381822
5458.0 0.642612659084
5459.0 0.623995210011
5460.0 0.60375367828
5461.0 0.582581489539
5462.0 0.55878623394
5463.0 0.535457599466
5464.0 0.511840695136
5465.0 0.488087906508
5466.0 0.463926704184
5467.0 0.440324390672
5468.0 0.415544595629
5469.0 0.393226339055
5470.0 0.377157729018
5471.0 0.355130255409
5472.0 0.331963343197
5473.0 0.310739672953
5474.0 0.290383655785
5475.0 0.270502641293
5476.0 0.251778134237
5477.0 0.233784552932
5478.0 0.216340194615
5479.0 0.201711384084
5480.0 0.187316227357
5481.0 0.173072423432
5482.0 0.16082211508
5483.0 0.14814137855
5484.0 0.137054215495
5485.0 0.129994188884
5486.0 0.120334569417
5487.0 0.111179263008
5488.0 0.103141965699
5489.0 0.09535403592
5490.0 0.088129916775
5491.0 0.0816604801
5492.0 0.075566533835
5493.0 0.070112522478
5494.0 0.065071109601
5495.0 0.06028478329
5496.0 0.056011315816
5497.0 0.051917166029
5498.0 0.048359440519
5499.0 0.044961252337
5500.0 0.041955481515
5501.0 0.039012778083
5502.0 0.036325202909
5503.0 0.033937849991
5504.0 0.0323048435
5505.0 0.030249965478
5506.0 0.028320814036
5507.0 0.026521516993
5508.0 0.024920394516
5509.0 0.023253196381
5510.0 0.021788226687
5511.0 0.020473848529
5512.0 0.0192075157
5513.0 0.018078548147
5514.0 0.016974757942
5515.0 0.016024062203
5516.0 0.015110505243
5517.0 0.014266402452
5518.0 0.013454925723
5519.0 0.012769512945
5520.0 0.012078626053
5521.0 0.011382733693
5522.0 0.010734136552
5523.0 0.010195239944
5524.0 0.009696195957
5525.0 0.009185011184
5526.0 0.008733652001
5527.0 0.008241551774
5528.0 0.007939355155
5529.0 0.007556444096
5530.0 0.007161629994
5531.0 0.00685749875
5532.0 0.006586005582
5533.0 0.006214713881
5534.0 0.00600769714
5535.0 0.005718254388
5536.0 0.005516675787
5537.0 0.005241992525
5538.0 0.004996290762
5539.0 0.004755110297
5540.0 0.004557237228
5541.0 0.004442417029
5542.0 0.004266892097
5543.0 0.004093687795
5544.0 0.003922341868
5545.0 0.003773450433
5546.0 0.003667124337
5547.0 0.003512264048
5548.0 0.003353861072
5549.0 0.003271079047
5550.0 0.003113612693
5551.0 0.003056503981
5552.0 0.00294459714
5553.0 0.002842261075
5554.0 0.002747791819
5555.0 0.002670405254
5556.0 0.002576208888
5557.0 0.002492207619
5558.0 0.002398653448
5559.0 0.002380697164
5560.0 0.002369347997
5561.0 0.002204707824
5562.0 0.002132910711
5563.0 0.002092801943
5564.0 0.0021519806
5565.0 0.001987990777
5566.0 0.001955640445
5567.0 0.001932808268
5568.0 0.001865330588
5569.0 0.001841989979
5570.0 0.001764834697
5571.0 0.001742279185
5572.0 0.001613778663
5573.0 0.001653659186
5574.0 0.001702203012
5575.0 0.001580668132
5576.0 0.001547124574
5577.0 0.001479008153
5578.0 0.001477810656
5579.0 0.001430230608
5580.0 0.001374847459
5581.0 0.001343428632
5582.0 0.001339787686
5583.0 0.001356579471
5584.0 0.001286373989
5585.0 0.001286265076
5586.0 0.001281472896
5587.0 0.001249283387
5588.0 0.001191240863
5589.0 0.001168999738
5590.0 0.001161169751
5591.0 0.001142892831
5592.0 0.00104917445
5593.0 0.001051435325
5594.0 0.001086054454
5595.0 0.001089756414
5596.0 0.001067206687
5597.0 0.001023410227
5598.0 0.000992525881
5599.0 0.000997358108
5600.0 0.000999012508
5601.0 0.000937282984
5602.0 0.000946534451
5603.0 0.000899540419
5604.0 0.000908778455
5605.0 0.000855765421
5606.0 0.000885636278
5607.0 0.000865229582
5608.0 0.000821692255
