6870.0 0.000766760933
6872.0 0.000799766624
6874.0 0.000832713394
6876.0 0.000865599612
6878.0 0.000898465194
6880.0 0.000931310138
6882.0 0.000969812042
6884.0 0.001008289771
6886.0 0.001046743325
6888.0 0.001085172703
6890.0 0.001123577907
6892.0 0.001161658539
6894.0 0.001199715183
6896.0 0.00123774784
6898.0 0.00127575651
6900.0 0.001313728161
6902.0 0.001355590196
6904.0 0.001397424892
6906.0 0.001439232252
6908.0 0.001481110667
6910.0 0.001523017566
6912.0 0.001566232254
6914.0 0.001609427408
6916.0 0.001652603027
6918.0 0.001695759112
6920.0 0.001738895662
6922.0 0.00178167528
6924.0 0.001824435515
6926.0 0.001867176367
6928.0 0.001909897836
6930.0 0.001952599923
6932.0 0.001995447622
6934.0 0.002038275864
6936.0 0.00208108465
6938.0 0.002123873978
6940.0 0.002166643849
6942.0 0.002216988924
6944.0 0.002267156551
6946.0 0.002317171446
6948.0 0.002367136527
6950.0 0.002417065786
6952.0 0.002469679852
6954.0 0.002522256175
6956.0 0.002574794756
6958.0 0.002627295596
6960.0 0.002679758694
6962.0 0.002742796217
6964.0 0.002805788494
6966.0 0.002868735525
6968.0 0.002931765164
6970.0 0.002995015705
6972.0 0.003076369494
6974.0 0.003157686628
6976.0 0.003238967109
6978.0 0.003320210936
6980.0 0.003401418109
6982.0 0.0035031314
6984.0 0.003604798848
6986.0 0.003706420452
6988.0 0.003807996211
6990.0 0.003909526126
6992.0 0.004038974207
6994.0 0.004168301985
6996.0 0.004297561796
6998.0 0.004426759021
7000.0 0.004555893657
7002.0 0.004730001805
7004.0 0.004904025711
7006.0 0.005077965375
7008.0 0.005251641257
7010.0 0.005424905352
7012.0 0.005647249019
7014.0 0.005869443331
7016.0 0.00609148829
7018.0 0.006313383896
7020.0 0.006535130147
7022.0 0.006829612827
7024.0 0.007123897507
7026.0 0.007417984188
7028.0 0.00771187287
7030.0 0.008005563552
7032.0 0.008394253894
7034.0 0.008782682593
7036.0 0.009170849649
7038.0 0.009558755063
7040.0 0.009946354359
7042.0 0.010469099644
7044.0 0.010991939083
7046.0 0.011514486719
7048.0 0.01203674255
7050.0 0.012558706578
7052.0 0.013247444763
7054.0 0.013935798314
7056.0 0.014623767231
7058.0 0.015311351515
7060.0 0.015998551165
7062.0 0.016906443943
7064.0 0.017813829076
7066.0 0.018720706563
7068.0 0.019627076404
7070.0 0.020532938599
7072.0 0.021720419643
7074.0 0.022907235841
7076.0 0.024093387194
7078.0 0.025278873702
7080.0 0.026463695365
7082.0 0.027973081189
7084.0 0.029479114201
7086.0 0.030982974106
7088.0 0.032485464363
7090.0 0.033986713198
7092.0 0.035870290401
7094.0 0.037752331821
7096.0 0.03963283746
7098.0 0.041511807316
7100.0 0.043389241391
7102.0 0.045682315408
7104.0 0.047973515277
7106.0 0.050262840999
7108.0 0.052550292573
7110.0 0.054835869999
7112.0 0.057534403059
7114.0 0.060230724825
7116.0 0.06292739013
7118.0 0.065628694193
7120.0 0.068328556818
7122.0 0.071486768116
7124.0 0.074643294005
7126.0 0.077798134484
7128.0 0.080951289555
7130.0 0.084102759217
7132.0 0.087741284223
7134.0 0.091377462176
7136.0 0.095011032149
7138.0 0.098642576262
7140.0 0.102272094512
7142.0 0.106536206436
7144.0 0.110797939718
7146.0 0.115057294358
7148.0 0.119314270356
7150.0 0.123568867711
7152.0 0.128543945847
7154.0 0.133490457423
7156.0 0.138424485482
7158.0 0.14335323758
7160.0 0.148276713717
7162.0 0.154197814573
7164.0 0.160112580462
7166.0 0.166021011385
7168.0 0.171923107341
7170.0 0.177818868331
7172.0 0.184891303708
7174.0 0.191956151622
7176.0 0.199057909451
7178.0 0.206161232326
7180.0 0.213260582353
7182.0 0.221988651236
7184.0 0.230710934738
7186.0 0.239427944594
7188.0 0.248139680804
7190.0 0.256846143367
7192.0 0.267304377524
7194.0 0.277756282476
7196.0 0.288201858221
7198.0 0.298641104761
7200.0 0.309074022095
7202.0 0.321281421194
7204.0 0.333481419641
7206.0 0.345674017436
7208.0 0.357859214579
7210.0 0.37003701107
7212.0 0.383852899772
7214.0 0.397640218334
7216.0 0.411414622932
7218.0 0.425176113567
7220.0 0.438924690239
7222.0 0.453535256543
7224.0 0.468132098311
7226.0 0.482715215544
7228.0 0.497282452681
7230.0 0.511832304692
7232.0 0.526274423142
7234.0 0.54070257382
7236.0 0.555116756725
7238.0 0.569516971859
7240.0 0.583923012418
7242.0 0.596917375329
7244.0 0.609903277807
7246.0 0.622880719854
7248.0 0.635849701469
7250.0 0.648810222652
7252.0 0.659575515361
7254.0 0.670333753432
7256.0 0.681084936865
7258.0 0.691829065659
7260.0 0.702566139814
7262.0 0.710160892621
7264.0 0.717750609582
7266.0 0.725335290698
7268.0 0.732914935968
7270.0 0.740489545393
7272.0 0.745609600313
7274.0 0.750726199173
7276.0 0.755835575997
7278.0 0.76091890592
7280.0 0.765883309546
7282.0 0.768392274112
7284.0 0.770898293691
7286.0 0.773401368282
7288.0 0.775901497887
7290.0 0.778398682504
7292.0 0.779593488044
7294.0 0.780786672497
7296.0 0.781978235861
7298.0 0.783168178138
7300.0 0.784356499327
7302.0 0.784574470035
7304.0 0.784791809144
7306.0 0.785084202767
7308.0 0.785438080361
7310.0 0.785791542961
7312.0 0.785575914232
7314.0 0.785360252905
7316.0 0.785144558981
7318.0 0.784928832459
7320.0 0.784713073338
7322.0 0.784484106687
7324.0 0.784249485518
7326.0 0.784014837485
7328.0 0.78378016259
7330.0 0.783545460831
7332.0 0.783250386689
7334.0 0.782955327785
7336.0 0.782660284119
7338.0 0.782365255691
7340.0 0.782070242501
7342.0 0.781937096193
7344.0 0.781418406651
7346.0 0.780848177421
7348.0 0.780277693897
7350.0 0.779706956077
7352.0 0.779078105466
7354.0 0.778449106089
7356.0 0.778109109431
7358.0 0.777917931561
7360.0 0.777726696625
7362.0 0.777473864582
7364.0 0.777221018639
7366.0 0.776968158794
7368.0 0.776715285048
7370.0 0.77645460254
7372.0 0.776220393213
7374.0 0.775986149432
7376.0 0.775751871197
7378.0 0.775517558508
7380.0 0.775283211365
7382.0 0.775219518425
7384.0 0.775155666917
7386.0 0.775091656841
7388.0 0.775027488198
7390.0 0.774963160987
7392.0 0.774518027325
7394.0 0.773869240765
7396.0 0.773219168906
7398.0 0.772569302165
7400.0 0.771919640543
7402.0 0.771590051483
7404.0 0.771260263683
7406.0 0.770930277145
7408.0 0.770600091867
7410.0 0.770269707849
7412.0 0.769677320722
7414.0 0.769105529206
7416.0 0.768701448564
7418.0 0.76828017555
7420.0 0.767858988833
7422.0 0.76764909437
7424.0 0.767439112053
7426.0 0.767229041883
7428.0 0.76701888386
7430.0 0.766808637983
7432.0 0.766482594553
7434.0 0.766156558876
7436.0 0.765830530951
7438.0 0.765504510779
7440.0 0.76517849836
7442.0 0.764914477984
7444.0 0.76465041404
7446.0 0.764386306528
7448.0 0.764122155447
7450.0 0.763857960798
7452.0 0.763364720138
7454.0 0.762861626196
7456.0 0.762358490438
7458.0 0.761855312866
7460.0 0.76135209348
7462.0 0.760683422825
7464.0 0.760014942158
7466.0 0.759346651478
7468.0 0.758678550786
7470.0 0.758010640081
7472.0 0.757578278063
7474.0 0.757361588544
7476.0 0.757144831149
7478.0 0.756928005876
7480.0 0.756711112728
7482.0 0.756341035965
7484.0 0.755971013578
7486.0 0.755601045569
7488.0 0.755231131936
7490.0 0.75486127268
7492.0 0.754494200339
7494.0 0.75412718019
7496.0 0.753760212231
7498.0 0.753393296462
7500.0 0.753026432885
7502.0 0.752723227006
7504.0 0.75242002233
7506.0 0.752116818856
7508.0 0.751813616585
7510.0 0.751304859266
7512.0 0.750574986342
7514.0 0.749844915303
7516.0 0.749114646151
7518.0 0.748384178883
7520.0 0.747653513501
7522.0 0.746929734589
7524.0 0.746635768852
7526.0 0.746341798548
7528.0 0.746047823678
7530.0 0.745753844242
7532.0 0.745407914437
7534.0 0.745062021829
7536.0 0.744716166417
7538.0 0.744370348203
7540.0 0.744024567186
7542.0 0.743648799553
7544.0 0.743273093304
7546.0 0.742897448439
7548.0 0.742521864958
7550.0 0.742146342862
7552.0 0.741894210492
7554.0 0.741642039954
7556.0 0.741389831247
7558.0 0.741133797573
7560.0 0.740877011045
7562.0 0.739997650898
7564.0 0.739110875473
7566.0 0.738223817708
7568.0 0.737336477601
7570.0 0.736486363087
7572.0 0.735964829341
7574.0 0.735443426135
7576.0 0.734922153468
7578.0 0.73440101134
7580.0 0.733879999751
7582.0 0.733554295731
7584.0 0.733228508464
7586.0 0.732902637952
7588.0 0.732576684193
7590.0 0.732250647188
7592.0 0.731911476729
7594.0 0.731572237359
7596.0 0.731232929075
7598.0 0.730893551879
7600.0 0.730554105771
7602.0 0.730250824145
7604.0 0.729945924254
7606.0 0.729637917906
7608.0 0.729329714673
7610.0 0.729020520503
7612.0 0.728556033307
7614.0 0.728091609534
7616.0 0.727627249185
7618.0 0.727162952259
7620.0 0.726698718756
7622.0 0.726334665781
7624.0 0.725970563836
7626.0 0.725606412922
7628.0 0.725242213037
7630.0 0.724877964183
7632.0 0.724382321849
7634.0 0.723886778411
7636.0 0.723391333868
7638.0 0.722895988219
7640.0 0.722400741466
7642.0 0.721951032678
7644.0 0.721501371486
7646.0 0.72105175789
7648.0 0.720426763396
7650.0 0.719792798265
7652.0 0.719189425079
7654.0 0.718582958344
7656.0 0.717976485772
7658.0 0.717370007364
7660.0 0.71676352312
7662.0 0.716178709635
7664.0 0.715593853391
7666.0 0.715008954388
7668.0 0.714437721148
7670.0 0.714074903559
7672.0 0.713659462516
7674.0 0.713244051456
7676.0 0.712828670376
7678.0 0.712413319279
7680.0 0.711997998162
7682.0 0.711707347996
7684.0 0.711416591969
7686.0 0.711125730081
7688.0 0.710834762331
7690.0 0.710543688721
7692.0 0.710140450874
7694.0 0.709737229629
7696.0 0.709334024986
7698.0 0.708923576443
7700.0 0.708497873813
7702.0 0.708044130988
7704.0 0.707480816266
7706.0 0.706917408725
7708.0 0.706353908364
7710.0 0.705790315185
7712.0 0.705155739424
7714.0 0.704521194846
7716.0 0.703886681449
7718.0 0.703252199235
7720.0 0.702617748203
7722.0 0.70193830979
7724.0 0.701258981653
7726.0 0.700704646777
7728.0 0.700159649602
7730.0 0.69961473871
7732.0 0.699146343736
7734.0 0.698677929597
7736.0 0.698209496292
7738.0 0.697741043823
7740.0 0.697272572188
7742.0 0.696740209951
7744.0 0.696207916976
7746.0 0.695675693262
7748.0 0.69514353881
7750.0 0.694611453618
7752.0 0.694238914626
7754.0 0.693866223341
7756.0 0.693493379764
7758.0 0.693120383893
7760.0 0.69274723573
7762.0 0.692255232985
7764.0 0.691767677576
7766.0 0.691280171016
7768.0 0.690792713308
7770.0 0.690305304449
7772.0 0.68985363066
7774.0 0.689401959173
7776.0 0.688950289989
7778.0 0.688498623108
7780.0 0.68804695853
7782.0 0.687509113288
7784.0 0.686971383131
7786.0 0.686433768057
7788.0 0.685896268067
7790.0 0.685358883161
7792.0 0.6849887329
7794.0 0.684609140308
7796.0 0.684178873452
7798.0 0.683619455319
7800.0 0.683059880218
7802.0 0.682439495918
7804.0 0.681819068952
7806.0 0.681198599322
7808.0 0.680578087027
7810.0 0.679957532067
7812.0 0.679221530824
7814.0 0.678485705429
7816.0 0.677750055883
7818.0 0.677014582185
7820.0 0.676385894202
7822.0 0.675954435899
7824.0 0.675522877164
7826.0 0.675091217999
7828.0 0.674659458403
7830.0 0.674227598377
7832.0 0.673579489952
7834.0 0.672931601708
7836.0 0.672283933644
7838.0 0.67163648576
7840.0 0.670989258057
7842.0 0.670525939229
7844.0 0.670062567103
7846.0 0.669599141679
7848.0 0.669135662957
7850.0 0.668672130937
7852.0 0.668304683736
7854.0 0.667912900726
7856.0 0.66749702911
7858.0 0.667080941593
7860.0 0.666664638175
7862.0 0.666153089704
7864.0 0.665641481628
7866.0 0.665129813948
7868.0 0.664618086664
7870.0 0.664106299775
7872.0 0.663530216875
7874.0 0.662954180458
7876.0 0.662378190523
7878.0 0.661802247072
7880.0 0.661226350104
7882.0 0.660549092219
7884.0 0.659872048988
7886.0 0.659195220409
7888.0 0.658518606483
7890.0 0.657822035957
7892.0 0.657436245281
7894.0 0.65705013894
7896.0 0.656663716935
7898.0 0.656276979265
7900.0 0.655889925931
7902.0 0.655266095804
7904.0 0.65464236072
7906.0 0.654018720678
7908.0 0.653395175679
7910.0 0.652771725722
7912.0 0.652111534815
7914.0 0.65145150321
7916.0 0.650791630906
7918.0 0.650131917904
7920.0 0.649477433889
7922.0 0.648954005398
7924.0 0.648430538185
7926.0 0.647907032252
7928.0 0.647383487597
7930.0 0.646859904221
7932.0 0.6463950573
7934.0 0.64590514158
7936.0 0.645408469497
7938.0 0.644911651323
7940.0 0.644414687058
7942.0 0.643776682956
7944.0 0.643138785919
7946.0 0.642500995946
7948.0 0.641863313039
7950.0 0.641225737197
7952.0 0.640596750696
7954.0 0.63996785595
7956.0 0.639362251048
7958.0 0.63876735049
7960.0 0.63817253632
7962.0 0.637755760998
7964.0 0.637338768358
7966.0 0.636921558399
7968.0 0.636504131122
7970.0 0.636086486527
7972.0 0.63547642662
7974.0 0.634866478819
7976.0 0.634256643123
7978.0 0.633646919532
7980.0 0.633037308047
7982.0 0.632564853772
7984.0 0.632092275698
7986.0 0.631619573827
7988.0 0.631146748157
7990.0 0.630673798689
7992.0 0.630034837228
7994.0 0.629365435441
7996.0 0.628696147659
7998.0 0.62802697388
8000.0 0.627357914105
8002.0 0.626819319175
8004.0 0.62628058434
8006.0 0.625741709598
8008.0 0.625202694951
8010.0 0.624663540399
8012.0 0.624086207036
8014.0 0.623508808225
8016.0 0.622931343968
8018.0 0.622353814263
8020.0 0.621776219111
8022.0 0.621225158016
8024.0 0.620673979151
8026.0 0.620122682516
8028.0 0.619595367165
8030.0 0.619095777979
8032.0 0.618432260296
8034.0 0.617768931107
8036.0 0.617105790413
8038.0 0.616442838212
8040.0 0.615780074506
8042.0 0.61523893121
8044.0 0.614697755812
8046.0 0.614156548311
8048.0 0.613615308708
8050.0 0.613074037001
8052.0 0.612495672002
8054.0 0.611917342534
8056.0 0.611339048597
8058.0 0.61076079019
8060.0 0.610182567314
8062.0 0.609626178406
8064.0 0.609067961024
8066.0 0.608503949221
8068.0 0.607939932925
8070.0 0.607370478188
8072.0 0.606816634152
8074.0 0.60626271972
8076.0 0.605708734893
8078.0 0.60515467967
8080.0 0.604600554053
8082.0 0.603983878222
8084.0 0.603367254103
8086.0 0.602750681693
8088.0 0.602134160995
8090.0 0.601517692006
8092.0 0.60092165185
8094.0 0.600325623385
8096.0 0.599729606612
8098.0 0.599133601531
8100.0 0.598508082364
8102.0 0.597897002553
8104.0 0.597285877427
8106.0 0.596674706983
8108.0 0.596063491223
8110.0 0.595430769274
8112.0 0.594770034054
8114.0 0.594109286899
8116.0 0.593448527808
8118.0 0.592787756783
8120.0 0.592126973823
8122.0 0.591434841089
8124.0 0.590742767005
8126.0 0.59005075157
8128.0 0.589358794784
8130.0 0.588666896648
8132.0 0.588013534137
8134.0 0.58736064337
8136.0 0.586707754939
8138.0 0.586054868845
8140.0 0.585401985087
8142.0 0.58469453582
8144.0 0.583987210546
8146.0 0.583280009264
8148.0 0.582572931975
8150.0 0.581865978678
8152.0 0.581253225019
8154.0 0.580654345599
8156.0 0.580055384486
8158.0 0.579456341678
8160.0 0.578857217177
8162.0 0.578180637183
8164.0 0.57750336084
8166.0 0.576798752949
8168.0 0.576094237591
8170.0 0.575389814765
8172.0 0.574829127808
8174.0 0.574268201319
8176.0 0.573707035299
8178.0 0.573145629747
8180.0 0.572583984664
8182.0 0.571816633907
8184.0 0.571049521361
8186.0 0.570282647025
8188.0 0.569516010899
8190.0 0.568749612983
8192.0 0.568108331611
8194.0 0.567466996389
8196.0 0.566834819033
8198.0 0.56622420155
8200.0 0.565624127975
8202.0 0.564929445867
8204.0 0.564234936114
8206.0 0.563540598716
8208.0 0.562846433672
8210.0 0.562152440984
8212.0 0.561579321971
8214.0 0.561006110861
8216.0 0.560432807654
8218.0 0.559859412349
8220.0 0.559285924946
8222.0 0.558736780229
8224.0 0.558187489585
8226.0 0.557638053012
8228.0 0.55708847051
8230.0 0.55653053757
8232.0 0.555849152093
8234.0 0.555167865041
8236.0 0.554486676415
8238.0 0.553805586214
8240.0 0.553124594439
8242.0 0.552518574987
8244.0 0.551874719317
8246.0 0.551230780596
8248.0 0.550586758824
8250.0 0.549942654002
8252.0 0.549193882975
8254.0 0.548445287025
8256.0 0.547696866152
8258.0 0.546948620355
8260.0 0.546196917655
8262.0 0.545518452243
8264.0 0.544839950439
8266.0 0.544161412242
8268.0 0.543482837652
8270.0 0.542804226669
8272.0 0.542167813308
8274.0 0.541531255593
8276.0 0.540894553525
8278.0 0.540257707105
8280.0 0.539620716331
8282.0 0.538974347327
8284.0 0.538327857726
8286.0 0.537691749635
8288.0 0.537066339003
8290.0 0.536446144084
8292.0 0.535825096838
8294.0 0.53520404136
8296.0 0.534582977652
8298.0 0.533961905712
8300.0 0.533340825542
8302.0 0.532688633331
8304.0 0.532036505827
8306.0 0.531384443029
8308.0 0.530732444937
8310.0 0.530080511551
8312.0 0.529451795765
8314.0 0.528823090073
8316.0 0.528194394474
8318.0 0.527565708968
8320.0 0.526937033556
8322.0 0.526340107521
8324.0 0.525735330704
8326.0 0.525093273089
8328.0 0.524451145558
8330.0 0.523808948111
8332.0 0.523051993458
8334.0 0.522266479037
8336.0 0.5214807978
8338.0 0.520695349982
8340.0 0.519910135581
8342.0 0.519311277418
8344.0 0.518712152111
8346.0 0.518112759659
8348.0 0.517513100063
8350.0 0.516913173322
8352.0 0.516120565292
8354.0 0.515328764745
8356.0 0.514547960659
8358.0 0.513767406307
8360.0 0.512987101692
8362.0 0.512345248289
8364.0 0.511703273999
8366.0 0.511061178823
8368.0 0.510418962761
8370.0 0.509776625812
8372.0 0.508948347869
8374.0 0.508120450726
8376.0 0.507299403524
8378.0 0.506487005386
8380.0 0.505674979872
8382.0 0.505017250057
8384.0 0.504359483498
8386.0 0.503724091761
8388.0 0.503090482107
8390.0 0.502456837033
8392.0 0.501779155865
8394.0 0.501101552812
8396.0 0.500424027875
8398.0 0.499746581053
8400.0 0.499069212347
8402.0 0.498359097099
8404.0 0.497649145214
8406.0 0.496939356691
8408.0 0.496229731531
8410.0 0.495520269733
8412.0 0.494866892134
8414.0 0.494213531719
8416.0 0.493560188488
8418.0 0.492906862443
8420.0 0.492208753284
8422.0 0.491414618717
8424.0 0.490620771274
8426.0 0.489827210956
8428.0 0.489033937762
8430.0 0.488240951693
8432.0 0.487527785077
8434.0 0.486814679989
8436.0 0.48610163643
8438.0 0.485388654399
8440.0 0.484675733896
8442.0 0.484102553384
8444.0 0.483529035368
8446.0 0.482955179848
8448.0 0.482380986824
8450.0 0.481832522657
8452.0 0.481136616266
8454.0 0.480435927539
8456.0 0.479721564786
8458.0 0.479007298151
8460.0 0.478293127634
8462.0 0.477616194375
8464.0 0.476939251423
8466.0 0.476262298779
8468.0 0.475585336441
8470.0 0.474908364411
8472.0 0.474271416228
8474.0 0.473634343484
8476.0 0.472997146177
8478.0 0.472353939943
8480.0 0.471699336459
8482.0 0.470991966648
8484.0 0.470284625113
8486.0 0.469577311852
8488.0 0.468870026866
8490.0 0.468162770154
8492.0 0.467506129803
8494.0 0.466849366707
8496.0 0.466192480865
8498.0 0.465541080581
8500.0 0.464891805134
8502.0 0.464348237529
8504.0 0.463804233851
8506.0 0.4632597941
8508.0 0.462743236023
8510.0 0.462232311917
8512.0 0.461549336063
8514.0 0.460866434375
8516.0 0.460183606854
8518.0 0.459500853499
8520.0 0.45881817431
8522.0 0.458123527211
8524.0 0.457428988801
8526.0 0.45673455908
8528.0 0.456040238048
8530.0 0.455346025705
8532.0 0.454740320308
8534.0 0.454134468348
8536.0 0.453511704492
8538.0 0.452850565099
8540.0 0.452191395352
8542.0 0.45144481834
8544.0 0.450698388518
8546.0 0.449952105886
8548.0 0.449205970443
8550.0 0.44845998219
8552.0 0.447800981251
8554.0 0.447141856495
8556.0 0.446482607922
8558.0 0.445823235532
8560.0 0.445163739325
8562.0 0.444428297348
8564.0 0.443692970035
8566.0 0.442970863222
8568.0 0.442252440198
8570.0 0.441534129102
8572.0 0.440810318332
8574.0 0.440086636854
8576.0 0.439363084668
8578.0 0.438639661773
8580.0 0.43791636817
8582.0 0.43718098964
8584.0 0.436428755898
8586.0 0.435666217491
8588.0 0.434903853216
8590.0 0.434141663073
8592.0 0.433486077782
8594.0 0.432830318542
8596.0 0.432193220903
8598.0 0.431565579497
8600.0 0.430937771124
8602.0 0.430263342323
8604.0 0.429588893549
8606.0 0.428914424801
8608.0 0.428239936081
8610.0 0.427565427387
8612.0 0.426908872455
8614.0 0.426252240221
8616.0 0.425595530686
8618.0 0.424938743849
8620.0 0.42428187971
8622.0 0.423595295716
8624.0 0.422908729729
8626.0 0.42222354482
8628.0 0.421556078934
8630.0 0.420864601493
8632.0 0.420097315987
8634.0 0.419330269278
8636.0 0.418563461366
8638.0 0.417796892252
8640.0 0.417030561935
8642.0 0.416153732985
8644.0 0.415277512288
8646.0 0.414401899846
8648.0 0.413526895656
8650.0 0.412652499721
8652.0 0.411422197022
8654.0 0.410193702032
8656.0 0.408967014751
8658.0 0.407742135178
8660.0 0.406540526732
8662.0 0.40474115235
8664.0 0.402945465707
8666.0 0.401150391338
8668.0 0.399355737814
8670.0 0.397564808327
8672.0 0.394920573431
8674.0 0.392282868499
8676.0 0.38965169353
8678.0 0.387027048526
8680.0 0.384408933485
8682.0 0.380645056951
8684.0 0.376891514134
8686.0 0.373148305034
8688.0 0.369414419245
8690.0 0.36567933976
8692.0 0.360434182967
8694.0 0.35520473956
8696.0 0.349991009539
8698.0 0.344792992905
8700.0 0.339610689656
8702.0 0.333068621965
8704.0 0.326546980847
8706.0 0.320055163356
8708.0 0.313584514533
8710.0 0.307133902153
8712.0 0.299309957971
8714.0 0.291510773392
8716.0 0.283736348416
8718.0 0.275981244936
8720.0 0.26824704062
8722.0 0.259807820247
8724.0 0.251396418517
8726.0 0.243012835431
8728.0 0.234657070987
8730.0 0.226329125187
8732.0 0.218003849696
8734.0 0.209706481376
8736.0 0.201437020228
8738.0 0.193195466252
8740.0 0.184981819447
8742.0 0.177223238456
8744.0 0.169490168716
8746.0 0.161781656255
8748.0 0.154099785638
8750.0 0.146444556864
8752.0 0.139704301143
8754.0 0.132987473489
8756.0 0.126294073901
8758.0 0.11962410238
8760.0 0.112977558925
8762.0 0.107491434791
8764.0 0.10202458781
8766.0 0.096577017981
8768.0 0.091148725304
8770.0 0.085739709779
8772.0 0.081396591082
8774.0 0.077068893355
8776.0 0.072755912817
8778.0 0.06845782807
8780.0 0.064175318639
8782.0 0.060893151357
8784.0 0.05762259604
8786.0 0.054363847405
8788.0 0.05111701557
8790.0 0.047882100537
8792.0 0.045410916018
8794.0 0.042948787833
8796.0 0.040495715982
8798.0 0.038051700465
8800.0 0.035616741283
8802.0 0.033801478243
8804.0 0.03199293472
8806.0 0.030193392112
8808.0 0.028400295091
8810.0 0.026613643659
8812.0 0.025271918388
8814.0 0.023935005724
8816.0 0.022602905669
8818.0 0.021275618222
8820.0 0.019953143383
8822.0 0.018971729212
8824.0 0.017993863633
8826.0 0.017019515972
8828.0 0.016048578244
8830.0 0.015081209115
8832.0 0.014351252333
8834.0 0.013623455516
8836.0 0.01289786704
8838.0 0.012175064179
8840.0 0.011455046934
8842.0 0.010917990955
8844.0 0.010382997703
8846.0 0.009850067178
8848.0 0.009319199381
8850.0 0.00879039431
8852.0 0.008385742154
8854.0 0.007982657921
8856.0 0.00758114161
8858.0 0.007181193221
8860.0 0.006782812753
8862.0 0.006481006229
8864.0 0.006180799485
8866.0 0.005881746881
8868.0 0.005583832687
8870.0 0.005287056903
8872.0 0.005057064649
8874.0 0.00482817077
8876.0 0.004600240759
8878.0 0.00437315665
8880.0 0.004146918443
8882.0 0.003972905272
8884.0 0.00379953803
8886.0 0.003626816718
8888.0 0.003454741334
8890.0 0.003283311879
8892.0 0.003147272249
8894.0 0.00301164505
8896.0 0.002876542974
8898.0 0.002741966021
8900.0 0.002607914191
8902.0 0.002504306471
8904.0 0.002401101317
8906.0 0.002298298732
8908.0 0.002195898714
8910.0 0.002093901263
8912.0 0.002014177829
8914.0 0.001934766445
8916.0 0.001855650182
8918.0 0.001776723028
8920.0 0.001698119778
8922.0 0.0016343312
8924.0 0.001570804657
8926.0 0.001507525847
8928.0 0.00144449477
8930.0 0.001381711424
8932.0 0.001330405955
8934.0 0.001279301597
8936.0 0.001228398349
8938.0 0.001177696212
8940.0 0.001127195186
8942.0 0.001087121023
8944.0 0.001047205074
8946.0 0.001007447339
8948.0 0.000967847817
8950.0 0.00092840651
8952.0 0.000895830809
8954.0 0.000863409725
8956.0 0.000831116573
8958.0 0.000798951353
8960.0 0.000766961506
