5497.6 0.001116089694
5498.3 0.001121818363
5499.0 0.001170358394
5499.7 0.001158362722
5500.4 0.001095647623
5501.2 0.001168184564
5501.9 0.001209907959
5502.6 0.001120741957
5503.3 0.001130015653
5504.0 0.001160286344
5504.7 0.00116001607
5505.4 0.001127295818
5506.1 0.001122662444
5506.9 0.001196291439
5507.6 0.001153208804
5508.3 0.001161393256
5509.0 0.001128952038
5509.7 0.001186499954
5510.4 0.001151331435
5511.1 0.00116824811
5511.8 0.001157349401
5512.5 0.001167994188
5513.3 0.001213001606
5514.0 0.001168014308
5514.7 0.001248200901
5515.4 0.001232393536
5516.1 0.001219858509
5516.8 0.001212232206
5517.5 0.001123062396
5518.2 0.001217160701
5518.9 0.001231079446
5519.6 0.001199725745
5520.4 0.001256464488
5521.1 0.001245838054
5521.8 0.001306122241
5522.5 0.001268222435
5523.2 0.001329871462
5523.9 0.001214785705
5524.6 0.001260888966
5525.3 0.001303720031
5526.0 0.001342733326
5526.7 0.001290376279
5527.5 0.001316026789
5528.2 0.001306218228
5528.9 0.001324776138
5529.6 0.001341425038
5530.3 0.001394624104
5531.0 0.001375541929
5531.7 0.001395737581
5532.4 0.001361380155
5533.1 0.001393850632
5533.8 0.001394407377
5534.5 0.001442153961
5535.3 0.00133442065
5536.0 0.001432631557
5536.7 0.001456647753
5537.4 0.00148639277
5538.1 0.001518320545
5538.8 0.001440588436
5539.5 0.001512889163
5540.2 0.001540180465
5540.9 0.001591478045
5541.6 0.001531748549
5542.3 0.00155904066
5543.0 0.001621251636
5543.8 0.001589894213
5544.5 0.001672021266
5545.2 0.001654029434
5545.9 0.0016944185
5546.6 0.001706708633
5547.3 0.001710814552
5548.0 0.00172201375
5548.7 0.001793233101
5549.4 0.001754507034
5550.1 0.001790806518
5550.8 0.001844840185
5551.5 0.00185767787
5552.2 0.001844048359
5552.9 0.001898351978
5553.7 0.001988398764
5554.4 0.00195703416
5555.1 0.002012703556
5555.8 0.001958966141
5556.5 0.002035644708
5557.2 0.002109868585
5557.9 0.00204221591
5558.6 0.00216200539
5559.3 0.002175659822
5560.0 0.002240609412
5560.7 0.002291371677
5561.4 0.002294385966
5562.1 0.002315954116
5562.8 0.002388818674
5563.5 0.002369732433
5564.2 0.002434958177
5565.0 0.002570856584
5565.7 0.002655730054
5566.4 0.002655472205
5567.1 0.002775819095
5567.8 0.002811852695
5568.5 0.002750474078
5569.2 0.002856088779
5569.9 0.002968253496
5570.6 0.003007290558
5571.3 0.003130372224
5572.0 0.003138848955
5572.7 0.003240648604
5573.4 0.003274776331
5574.1 0.003402501197
5574.8 0.00346746548
5575.5 0.003607745355
5576.2 0.003693723405
5576.9 0.003782158373
5577.6 0.00392216952
5578.3 0.004009515234
5579.0 0.004132064439
5579.7 0.004217229214
5580.4 0.004311673235
5581.2 0.004502998708
5581.9 0.004614356758
5582.6 0.004744503788
5583.3 0.004969888457
5584.0 0.005100032477
5584.7 0.005165773609
5585.4 0.005479022485
5586.1 0.005598519572
5586.8 0.005772046562
5587.5 0.006028528246
5588.2 0.006178856507
5588.9 0.006442428581
5589.6 0.006638869878
5590.3 0.006873512108
5591.0 0.007101875893
5591.7 0.007423833522
5592.4 0.007698580884
5593.1 0.007997338314
5593.8 0.008265804157
5594.5 0.008634137622
5595.2 0.009014473688
5595.9 0.009293221309
5596.6 0.009639893213
5597.3 0.00997891513
5598.0 0.010312197362
5598.7 0.010861293406
5599.4 0.011320061954
5600.1 0.011739528171
5600.8 0.012179445067
5601.5 0.012785504631
5602.2 0.013337526542
5602.9 0.013907811821
5603.6 0.014520640774
5604.3 0.015141363754
5605.0 0.015799171457
5605.7 0.016543440798
5606.4 0.017381806591
5607.1 0.018104753112
5607.8 0.018859323312
5608.5 0.01989021183
5609.2 0.020931982206
5609.9 0.021984906754
5610.6 0.022925141978
5611.3 0.023905448449
5612.0 0.025136406038
5612.7 0.026449431937
5613.4 0.027800334466
5614.1 0.029147652115
5614.8 0.030585486673
5615.5 0.032332583279
5616.2 0.034040080662
5616.9 0.03578925901
5617.6 0.037739125473
5618.3 0.039610932414
5619.0 0.041569415009
5619.7 0.043915391613
5620.4 0.046409663969
5621.1 0.048648595665
5621.8 0.051230270587
5622.5 0.054216852947
5623.2 0.057111172764
5623.9 0.060120491523
5624.6 0.063589501218
5625.3 0.067200214492
5626.0 0.070799643069
5626.7 0.074763283632
5627.4 0.078843792792
5628.1 0.083136059391
5628.8 0.087822769662
5629.5 0.092694491539
5630.2 0.097740037466
5630.9 0.103433569397
5631.6 0.108850455765
5632.3 0.114705077827
5633.0 0.121110296262
5633.7 0.127982110364
5634.4 0.135021132171
5635.1 0.141919811662
5635.8 0.149394926435
5636.5 0.157351846691
5637.1 0.165679658967
5637.8 0.17479044273
5638.5 0.183860887637
5639.2 0.193008530177
5639.9 0.202585569095
5640.6 0.21226097135
5641.3 0.223791412637
5642.0 0.234284758422
5642.7 0.244850807509
5643.4 0.256844345566
5644.1 0.269511047231
5644.8 0.281827324616
5645.5 0.293422487008
5646.2 0.307180687877
5646.9 0.320403915134
5647.6 0.334440034275
5648.3 0.348034131821
5649.0 0.363108027804
5649.7 0.37705577613
5650.4 0.391881203537
5651.1 0.407340884811
5651.8 0.422779332996
5652.4 0.438668541483
5653.1 0.453547293922
5653.8 0.468809533883
5654.5 0.484990472759
5655.2 0.499361904768
5655.9 0.514850423139
5656.6 0.530191811482
5657.3 0.545571378843
5658.0 0.560803007245
5658.7 0.575710400988
5659.4 0.588329750536
5660.1 0.602633716871
5660.8 0.614718128585
5661.5 0.628795832457
5662.2 0.638665575387
5662.9 0.650934591862
5663.5 0.661452314432
5664.2 0.670377785707
5664.9 0.683123015123
5665.6 0.690320227554
5666.3 0.699268191811
5667.0 0.705153096354
5667.7 0.712116914888
5668.4 0.718306798236
5669.1 0.72279354321
5669.8 0.72794947418
5670.5 0.73209211616
5671.2 0.736273573168
5671.8 0.736794150093
5672.5 0.739747404282
5673.2 0.743315634085
5673.9 0.744030146605
5674.6 0.744838881307
5675.3 0.746925889165
5676.0 0.748273112489
5676.7 0.747838696293
5677.4 0.7482287789
5678.1 0.749126582031
5678.8 0.750014853171
5679.5 0.750626929974
5680.1 0.747295915407
5680.8 0.748522486456
5681.5 0.747924638377
5682.2 0.745998649071
5682.9 0.746546364078
5683.6 0.746793050147
5684.3 0.745151833433
5685.0 0.745441826069
5685.7 0.745690690041
5686.4 0.745535331568
5687.0 0.743551361767
5687.7 0.743988988062
5688.4 0.744543745063
5689.1 0.741720579077
5689.8 0.74501069605
5690.5 0.743079328948
5691.2 0.742540427959
5691.9 0.745623558515
5692.6 0.744701401295
5693.2 0.745272452772
5693.9 0.745173746214
5694.6 0.74440167063
5695.3 0.746324161808
5696.0 0.748395395475
5696.7 0.747963006496
5697.4 0.749807347806
5698.1 0.749955722687
5698.7 0.749949852359
5699.4 0.751336305222
5700.1 0.753198385905
5700.8 0.753966224103
5701.5 0.757616947155
5702.2 0.758272844616
5702.9 0.75923983661
5703.6 0.759547331846
5704.2 0.761936243616
5704.9 0.764308078705
5705.6 0.766126388121
5706.3 0.768540202921
5707.0 0.766915503565
5707.7 0.77042198986
5708.4 0.772940176045
5709.1 0.772323686869
5709.7 0.776153777055
5710.4 0.780014478063
5711.1 0.77947455521
5711.8 0.781800208032
5712.5 0.784476752746
5713.2 0.78636765199
5713.9 0.789551477616
5714.5 0.790381778871
5715.2 0.794954450924
5715.9 0.797674121179
5716.6 0.798799031217
5717.3 0.80119072972
5718.0 0.801840817733
5718.7 0.804551553885
5719.3 0.806357207851
5720.0 0.808506497088
5720.7 0.808385093496
5721.4 0.81363902794
5722.1 0.814658857398
5722.8 0.817798765792
5723.4 0.818916966217
5724.1 0.820257440886
5724.8 0.821614781263
5725.5 0.825329375752
5726.2 0.824205633199
5726.9 0.827895718544
5727.5 0.830785238405
5728.2 0.831076019102
5728.9 0.834638435859
5729.6 0.833691625167
5730.3 0.835382523829
5731.0 0.838024068138
5731.6 0.839059102236
5732.3 0.838916396325
5733.0 0.84328016841
5733.7 0.841492455114
5734.4 0.841335018966
5735.1 0.845781162544
5735.7 0.847022802413
5736.4 0.845724314877
5737.1 0.848695632917
5737.8 0.851406499712
5738.5 0.85171172802
5739.1 0.85241559614
5739.8 0.852413851386
5740.5 0.853197329335
5741.2 0.855817316321
5741.9 0.855464739425
5742.6 0.85467776398
5743.2 0.85678254206
5743.9 0.854701091001
5744.6 0.858407047968
5745.3 0.858577633485
5746.0 0.858404521002
5746.6 0.860714774972
5747.3 0.860817519424
5748.0 0.859605166015
5748.7 0.861095441191
5749.4 0.860887180231
5750.0 0.859458275181
5750.7 0.858955654738
5751.4 0.861958881859
5752.1 0.860233000397
5752.8 0.861689955344
5753.4 0.861185882902
5754.1 0.859174680868
5754.8 0.862726177031
5755.5 0.862263313363
5756.2 0.861920271034
5756.8 0.862343666218
5757.5 0.860975984655
5758.2 0.860210368409
5758.9 0.858848454971
5759.5 0.8611239531
5760.2 0.861186916877
5760.9 0.86191533374
5761.6 0.859037411867
5762.3 0.858947648313
5762.9 0.857197476017
5763.6 0.861274281393
5764.3 0.857495820448
5765.0 0.859436895925
5765.6 0.860093312298
5766.3 0.859072687977
5767.0 0.859335501031
5767.7 0.855429562468
5768.4 0.855635234799
5769.0 0.857283996144
5769.7 0.857294178245
5770.4 0.85756862403
5771.1 0.855423698325
5771.7 0.855999842446
5772.4 0.858606929403
5773.1 0.857460599544
5773.8 0.856247030819
5774.4 0.853352091998
5775.1 0.854993253081
5775.8 0.855280556902
5776.5 0.853603923195
5777.1 0.855376007421
5777.8 0.8522682223
5778.5 0.854389868659
5779.2 0.854054291713
5779.8 0.849637055773
5780.5 0.851434733662
5781.2 0.85155842662
5781.9 0.850049252814
5782.5 0.853805360356
5783.2 0.85122603569
5783.9 0.850412972694
5784.6 0.851504726657
5785.2 0.852193830635
5785.9 0.851562349114
5786.6 0.848845306766
5787.3 0.849241505756
5787.9 0.851032051423
5788.6 0.848983350292
5789.3 0.849847508226
5790.0 0.847703538344
5790.6 0.849967476498
5791.3 0.848893368307
5792.0 0.849639917358
5792.6 0.847848483311
5793.3 0.849013986981
5794.0 0.84749207925
5794.7 0.84864723418
5795.3 0.846845472071
5796.0 0.84687606863
5796.7 0.848874836595
5797.3 0.847443307449
5798.0 0.8466689426
5798.7 0.846755072389
5799.4 0.846136966937
5800.0 0.846787394347
5800.7 0.846359028307
5801.4 0.844125579784
5802.0 0.846457500691
5802.7 0.847236968939
5803.4 0.84537837539
5804.1 0.845151184927
5804.7 0.846025366606
5805.4 0.845565703433
5806.1 0.845519264779
5806.7 0.846227389535
5807.4 0.845135647648
5808.1 0.845385106224
5808.8 0.843808559561
5809.4 0.844071069891
5810.1 0.845160847119
5810.8 0.84632629444
5811.4 0.846442621399
5812.1 0.843801746428
5812.8 0.844991143988
5813.4 0.844153912935
5814.1 0.843740868546
5814.8 0.843469648443
5815.4 0.842770543055
5816.1 0.843918590271
5816.8 0.843709707713
5817.5 0.843609083222
5818.1 0.843630488316
5818.8 0.842722256747
5819.5 0.843595236653
5820.1 0.843932918146
5820.8 0.843049482215
5821.5 0.841654646599
5822.1 0.844270435371
5822.8 0.844015468301
5823.5 0.842095657205
5824.1 0.845562953638
5824.8 0.842540640142
5825.5 0.843011006906
5826.1 0.839242104397
5826.8 0.844256079479
5827.5 0.843538206681
5828.1 0.842384479564
5828.8 0.842060980007
5829.5 0.84388466721
5830.1 0.843839115706
5830.8 0.840202387889
5831.5 0.842252173429
5832.1 0.84087974874
5832.8 0.843410321714
5833.5 0.842133324703
5834.1 0.844412493384
5834.8 0.843137689508
5835.5 0.843062925454
5836.1 0.84091997665
5836.8 0.839636551645
5837.4 0.841345288918
5838.1 0.840113858138
5838.8 0.841497564609
5839.4 0.841447689081
5840.1 0.840467981628
5840.8 0.840101034981
5841.4 0.84006641181
5842.1 0.840871868992
5842.8 0.840969091666
5843.4 0.840687145242
5844.1 0.838796895063
5844.8 0.838757833443
5845.4 0.838931898573
5846.1 0.842498455862
5846.7 0.838136457321
5847.4 0.840449860008
5848.1 0.838585587797
5848.7 0.838917159719
5849.4 0.837922403884
5850.1 0.839230505279
5850.7 0.838426567995
5851.4 0.838996328635
5852.0 0.83867010107
5852.7 0.840378832532
5853.4 0.838773700177
5854.0 0.839322584499
5854.7 0.839827287538
5855.3 0.837338805125
5856.0 0.83987383132
5856.7 0.839928712523
5857.3 0.836979302831
5858.0 0.837792914967
5858.7 0.836369836928
5859.3 0.839427387509
5860.0 0.839398301738
5860.6 0.839134172272
5861.3 0.838711519186
5862.0 0.838103379475
5862.6 0.838249695821
5863.3 0.839924592671
5863.9 0.838105018994
5864.6 0.838366963651
5865.3 0.837836370818
5865.9 0.84029035685
5866.6 0.83913721811
5867.2 0.839695268974
5867.9 0.839194870307
5868.6 0.840703720388
5869.2 0.839765702483
5869.9 0.839623209783
5870.5 0.838658841599
5871.2 0.839195419129
5871.8 0.839592979842
5872.5 0.840018854964
5873.2 0.83998432609
5873.8 0.839947854223
5874.5 0.841602583254
5875.1 0.839495063315
5875.8 0.839955995304
5876.4 0.840025575816
5877.1 0.841245702143
5877.8 0.84302867655
5878.4 0.837781688864
5879.1 0.842364843132
5879.7 0.841535998493
5880.4 0.839687276295
5881.0 0.842485164763
5881.7 0.841554688259
5882.4 0.842312191538
5883.0 0.844597438854
5883.7 0.84348316666
5884.3 0.843862117067
5885.0 0.84532946697
5885.6 0.84558169255
5886.3 0.846407074982
5886.9 0.845585896883
5887.6 0.845923783916
5888.3 0.844847638902
5888.9 0.846205290425
5889.6 0.846433323987
5890.2 0.845907163495
5890.9 0.846899406065
5891.5 0.847058615237
5892.2 0.847962742228
5892.8 0.84956168855
5893.5 0.846971367221
5894.1 0.849208323504
5894.8 0.850229555504
5895.5 0.849084977907
5896.1 0.850912449147
5896.8 0.852210633825
5897.4 0.852363796261
5898.1 0.851400282378
5898.7 0.852900100032
5899.4 0.852389465103
5900.0 0.855322578305
5900.7 0.853059638744
5901.3 0.854818003622
5902.0 0.854797051065
5902.6 0.857347720284
5903.3 0.85585052261
5903.9 0.856708839755
5904.6 0.85350742293
5905.2 0.855338000442
5905.9 0.855747583775
5906.5 0.856318305618
5907.2 0.856340828738
5907.8 0.85749563345
5908.5 0.859650664345
5909.1 0.859696774561
5909.8 0.858158090944
5910.4 0.857881867646
5911.1 0.859122456129
5911.7 0.858459318465
5912.4 0.861030949007
5913.0 0.86073337313
5913.7 0.859294994963
5914.3 0.860497985779
5915.0 0.862701920914
5915.6 0.863087369088
5916.3 0.864772197154
5916.9 0.863144448958
5917.6 0.862411095635
5918.2 0.863642660275
5918.9 0.864712700707
5919.5 0.864094943966
5920.2 0.863367835391
5920.8 0.865785026342
5921.5 0.86512559828
5922.1 0.865259919328
5922.8 0.866483286639
5923.4 0.866430066005
5924.1 0.864907640271
5924.7 0.867469488684
5925.4 0.866368361772
5926.0 0.865986792395
5926.7 0.866736419562
5927.3 0.866154250849
5928.0 0.867751671012
5928.6 0.86629072467
5929.2 0.867398425739
5929.9 0.866326084544
5930.5 0.867828200434
5931.2 0.868365562108
5931.8 0.867430291237
5932.5 0.86732208186
5933.1 0.868062850545
5933.8 0.866145937834
5934.4 0.868591310304
5935.1 0.867400156531
5935.7 0.866377335378
5936.4 0.869176026556
5937.0 0.867887629139
5937.6 0.869056545904
5938.3 0.869653462744
5938.9 0.868918226959
5939.6 0.870138183114
5940.2 0.867233184942
5940.9 0.869822091617
5941.5 0.868329246543
5942.1 0.866519705031
5942.8 0.870339776995
5943.4 0.867661984805
5944.1 0.866919354706
5944.7 0.870158077249
5945.4 0.868571308389
5946.0 0.867578356889
5946.7 0.868437840714
5947.3 0.866922152091
5947.9 0.868828324671
5948.6 0.869165338594
5949.2 0.867198136451
5949.9 0.867381293236
5950.5 0.867584690409
5951.1 0.870545296596
5951.8 0.870037448892
5952.4 0.868765332568
5953.1 0.868704109113
5953.7 0.868757180716
5954.4 0.869781384241
5955.0 0.867898465976
5955.6 0.868552558571
5956.3 0.866860345542
5956.9 0.87010689427
5957.6 0.867464089246
5958.2 0.86657736768
5958.8 0.868116362075
5959.5 0.867542743842
5960.1 0.868376314052
5960.8 0.866163940994
5961.4 0.863874946922
5962.0 0.866708756503
5962.7 0.867649954322
5963.3 0.867836038131
5964.0 0.867294549154
5964.6 0.865749047189
5965.2 0.864886860308
5965.9 0.8668496549
5966.5 0.866474507964
5967.1 0.867039718752
5967.8 0.865037505006
5968.4 0.866975968354
5969.1 0.867422415719
5969.7 0.865422966042
5970.3 0.86715480771
5971.0 0.866246810683
5971.6 0.865574415305
5972.2 0.863694121526
5972.9 0.867742260365
5973.5 0.86609161045
5974.2 0.868025226354
5974.8 0.864360270907
5975.4 0.864853667496
5976.1 0.866475554101
5976.7 0.866292052739
5977.3 0.86655824763
5978.0 0.865968568848
5978.6 0.864151019967
5979.2 0.866091211055
5979.9 0.863384461799
5980.5 0.865638419252
5981.1 0.864921607181
5981.8 0.865618183076
5982.4 0.866101976312
5983.1 0.864506867552
5983.7 0.864405463278
5984.3 0.864956627104
5985.0 0.864566464923
5985.6 0.865574828424
5986.2 0.863545137458
5986.9 0.863936851185
5987.5 0.865898697376
5988.1 0.863261938598
5988.8 0.865775222751
5989.4 0.865048627573
5990.0 0.86501951526
5990.7 0.866081924326
5991.3 0.865606232152
5991.9 0.865259577315
5992.6 0.865859355365
5993.2 0.865339956167
5993.8 0.865782910005
5994.5 0.865950786905
5995.1 0.864162455235
5995.7 0.864498935758
5996.3 0.86618770452
5997.0 0.865576625907
5997.6 0.866833765728
5998.2 0.864855170222
5998.9 0.867479784626
5999.5 0.864350016103
6000.1 0.866192341329
6000.8 0.865511522359
6001.4 0.863333495432
6002.0 0.865238752252
6002.7 0.865165726998
6003.3 0.864704842714
6003.9 0.864550823506
6004.5 0.864649346709
6005.2 0.864685105156
6005.8 0.864827389199
6006.4 0.864067635395
6007.1 0.865198422355
6007.7 0.863073195615
6008.3 0.865775649548
6008.9 0.864977102775
6009.6 0.866174858048
6010.2 0.863328908506
6010.8 0.864137455458
6011.5 0.862102731502
6012.1 0.863403212118
6012.7 0.863844664498
6013.3 0.865574289354
6014.0 0.864465412095
6014.6 0.863000264392
6015.2 0.867333746911
6015.8 0.863526671398
6016.5 0.864527961703
6017.1 0.865384124955
6017.7 0.863477973397
6018.4 0.863523179083
6019.0 0.863971065228
6019.6 0.863176024816
6020.2 0.863335639406
6020.9 0.863843355816
6021.5 0.864753710907
6022.1 0.861869595162
6022.7 0.8622170373
6023.4 0.862207974246
6024.0 0.865205401087
6024.6 0.86235186575
6025.2 0.861556423252
6025.9 0.861186148634
6026.5 0.858619677555
6027.1 0.86228397088
6027.7 0.860340106238
6028.4 0.860344915237
6029.0 0.859465458371
6029.6 0.858845136489
6030.2 0.860110229236
6030.8 0.862283213886
6031.5 0.858944734832
6032.1 0.859566119181
6032.7 0.857722673504
6033.3 0.857448128171
6034.0 0.856445056903
6034.6 0.857896935571
6035.2 0.857735539042
6035.8 0.855750165776
6036.5 0.856144406795
6037.1 0.857219064163
6037.7 0.856489347315
6038.3 0.856242812002
6038.9 0.855440714651
6039.6 0.858101906884
6040.2 0.855144079739
6040.8 0.854860700458
6041.4 0.853244403338
6042.0 0.85156958479
6042.7 0.852737949421
6043.3 0.854035389713
6043.9 0.85489582696
6044.5 0.852280521111
6045.1 0.852784308576
6045.8 0.847871457017
6046.4 0.848639465248
6047.0 0.850751496405
6047.6 0.851349914652
6048.2 0.850235494137
6048.9 0.848253333607
6049.5 0.847532501341
6050.1 0.848007279105
6050.7 0.847390878554
6051.3 0.848690225084
6051.9 0.846545085793
6052.6 0.847157818825
6053.2 0.845598584821
6053.8 0.846954925028
6054.4 0.845705652201
6055.0 0.84461096566
6055.7 0.845330542327
6056.3 0.843996238871
6056.9 0.844726756472
6057.5 0.843246114541
6058.1 0.842652023073
6058.7 0.844172223899
6059.4 0.842862078723
6060.0 0.84217748435
6060.6 0.841125872464
6061.2 0.841896462257
6061.8 0.843336294821
6062.4 0.841781621095
6063.0 0.839021057526
6063.7 0.839813483434
6064.3 0.838653879964
6064.9 0.837804663818
6065.5 0.839277201918
6066.1 0.836362720973
6066.7 0.836594186056
6067.3 0.840030509352
6068.0 0.834857678718
6068.6 0.838276010329
6069.2 0.837299533187
6069.8 0.837739358982
6070.4 0.835889766144
6071.0 0.836650728804
6071.6 0.835559450268
6072.3 0.836052297164
6072.9 0.83673137581
6073.5 0.835306316917
6074.1 0.835787034058
6074.7 0.83487519617
6075.3 0.835920070759
6075.9 0.833746756689
6076.5 0.835214847192
6077.1 0.83219948861
6077.8 0.832112342193
6078.4 0.832975377348
6079.0 0.832579880317
6079.6 0.835267900768
6080.2 0.831645324138
6080.8 0.831866219901
6081.4 0.832341235697
6082.0 0.831750981157
6082.6 0.831658686393
6083.3 0.832658725773
6083.9 0.83270729304
6084.5 0.832558911038
6085.1 0.830615272358
6085.7 0.835456849385
6086.3 0.83354654343
6086.9 0.831748979229
6087.5 0.828905300986
6088.1 0.834721001558
6088.7 0.83244403813
6089.3 0.832443300333
6090.0 0.831065467057
6090.6 0.833502010478
6091.2 0.833833336065
6091.8 0.831949289608
6092.4 0.833124885366
6093.0 0.831652053167
6093.6 0.83314965967
6094.2 0.83121670062
6094.8 0.832408762579
6095.4 0.833499227687
6096.0 0.829285106004
6096.6 0.832551434991
6097.2 0.832339717785
6097.8 0.832087111737
6098.5 0.832679479898
6099.1 0.833314234201
6099.7 0.834640542674
6100.3 0.833181021068
6100.9 0.835141781522
6101.5 0.833962030646
6102.1 0.834774550474
6102.7 0.833663891571
6103.3 0.835886375219
6103.9 0.834131812047
6104.5 0.834373207518
6105.1 0.83530452773
6105.7 0.834965095764
6106.3 0.835593932615
6106.9 0.834732206187
6107.5 0.835982415833
6108.1 0.836985930759
6108.7 0.836142902924
6109.3 0.83597757611
6109.9 0.839682231388
6110.5 0.836724470792
6111.1 0.838088513481
6111.7 0.83602806185
6112.3 0.838541571612
6112.9 0.839694632296
6113.5 0.838472388018
6114.1 0.839520106885
6114.7 0.840900765406
6115.3 0.841336622796
6115.9 0.838768773795
6116.6 0.840284237109
6117.2 0.840415553644
6117.8 0.839522584097
6118.4 0.841371101503
6119.0 0.840883509426
6119.6 0.841614248567
6120.2 0.843174316007
6120.8 0.843380719717
6121.4 0.841597168476
6122.0 0.842606106106
6122.6 0.842794103504
6123.1 0.840407114895
6123.7 0.841536744065
6124.3 0.844710851715
6124.9 0.842769619833
6125.5 0.843958450533
6126.1 0.845350775443
6126.7 0.845954153732
6127.3 0.847319627752
6127.9 0.850095876294
6128.6 0.849008206028
6129.3 0.850767811355
6129.9 0.849738964908
6130.6 0.850532948757
6131.2 0.850875606593
6131.9 0.85124361167
6132.6 0.851929298813
6133.2 0.853562435013
6133.9 0.851738526369
6134.5 0.852999821805
6135.2 0.851449266856
6135.8 0.853513913325
6136.5 0.852651220403
6137.1 0.852705368704
6137.8 0.854904579776
6138.5 0.854116850264
6139.1 0.854437220653
6139.8 0.854798349551
6140.4 0.856062432895
6141.1 0.854740639503
6141.7 0.857054995277
6142.4 0.855731057338
6143.1 0.856958714796
6143.7 0.854603040102
6144.4 0.855261187518
6145.0 0.855461654687
6145.7 0.858771296286
6146.3 0.856385899232
6147.0 0.855486766814
6147.6 0.855691931673
6148.3 0.860244746795
6149.0 0.857530924609
6149.6 0.858554940236
6150.3 0.860796022494
6150.9 0.858153124466
6151.6 0.85684771267
6152.2 0.857174315535
6152.9 0.861005943485
6153.5 0.858524082052
6154.2 0.857765132851
6154.8 0.859161023913
6155.5 0.861199889432
6156.2 0.861387956733
6156.8 0.861664193586
6157.5 0.860969625597
6158.1 0.861456846083
6158.8 0.861611093138
6159.4 0.859494839765
6160.1 0.860550093691
6160.7 0.859930476201
6161.4 0.861406039152
6162.0 0.861390085862
6162.7 0.861196551448
6163.3 0.861438964295
6164.0 0.862563144214
6164.6 0.862150199188
6165.3 0.858784738786
6165.9 0.8616411016
6166.6 0.861340751295
6167.3 0.861452837998
6167.9 0.861593261036
6168.6 0.862012824052
6169.2 0.861738121229
6169.9 0.86156164664
6170.5 0.861925967707
6171.2 0.861768694272
6171.8 0.86106837878
6172.5 0.860853526838
6173.1 0.860864954069
6173.8 0.861914236524
6174.4 0.862999664308
6175.1 0.862105565188
6175.7 0.862452253442
6176.4 0.862154387634
6177.0 0.86281578554
6177.7 0.862609579256
6178.3 0.861292371477
6179.0 0.861629904275
6179.6 0.860353306387
6180.3 0.861241292613
6180.9 0.862265183225
6181.6 0.862296640411
6182.2 0.861723280978
6182.9 0.860915607478
6183.5 0.85721259559
6184.2 0.86090010892
6184.8 0.859907525696
6185.5 0.859670856388
6186.1 0.86115634256
6186.8 0.861038867386
6187.4 0.862410484426
6188.1 0.860338134298
6188.7 0.858314177395
6189.4 0.861854427035
6190.0 0.859278030773
6190.7 0.859771449886
6191.3 0.861153763595
6192.0 0.858576745777
6192.6 0.858318723088
6193.3 0.857390633564
6193.9 0.856760895246
6194.6 0.85589033462
6195.2 0.856946770062
6195.9 0.859418947092
6196.5 0.858231166522
6197.2 0.857092026204
6197.8 0.85667125787
6198.5 0.857630775419
6199.1 0.857490772538
6199.8 0.857161845119
6200.4 0.856170154573
6201.1 0.856873987428
6201.7 0.855741028611
6202.3 0.854528675963
6203.0 0.854625659953
6203.6 0.855770716025
6204.3 0.855348388306
6204.9 0.856245634748
6205.6 0.8533273115
6206.2 0.854678083876
6206.9 0.853450541794
6207.5 0.852844575539
6208.2 0.850228335829
6208.8 0.852437268795
6209.5 0.851349000457
6210.1 0.853591037225
6210.8 0.853597841652
6211.4 0.851224068365
6212.0 0.84969069036
6212.7 0.852693528489
6213.3 0.850974091738
6214.0 0.851239426934
6214.6 0.849711041896
6215.3 0.850352609169
6215.9 0.847562809285
6216.6 0.848671067929
6217.2 0.845893575963
6217.9 0.84420975535
6218.5 0.846828545365
6219.1 0.847184824032
6219.8 0.845546714357
6220.4 0.846943694496
6221.1 0.846719770372
6221.7 0.842389595772
6222.4 0.846231612539
6223.0 0.840437667108
6223.7 0.843622651608
6224.3 0.842541210728
6224.9 0.841026212147
6225.6 0.841873743634
6226.2 0.841273503242
6226.9 0.841951448775
6227.5 0.841896289758
6228.2 0.840448269949
6228.8 0.839939622193
6229.4 0.839457719153
6230.1 0.837591979579
6230.7 0.838423648259
6231.4 0.83593690749
6232.0 0.838212391189
6232.7 0.834944083853
6233.3 0.834452894458
6233.9 0.833453491517
6234.6 0.834894171297
6235.2 0.835644794722
6235.9 0.835515691006
6236.5 0.833516168208
6237.2 0.834082858557
6237.8 0.830995604289
6238.4 0.831217017067
6239.1 0.830674065188
6239.7 0.831324539401
6240.4 0.829538079458
6241.0 0.827684155213
6241.6 0.831710775111
6242.3 0.830230660089
6242.9 0.829729727092
6243.6 0.826610652167
6244.2 0.827297507259
6244.9 0.826592256945
6245.5 0.824359421547
6246.1 0.82620229047
6246.8 0.825244885048
6247.4 0.825646263721
6248.1 0.824367909725
6248.7 0.822117077381
6249.3 0.821905905795
6250.0 0.820523638434
6250.6 0.821771223557
6251.3 0.819280467866
6251.9 0.81871767436
6252.5 0.82272541732
6253.2 0.822019447209
6253.8 0.819526684395
6254.5 0.819424673768
6255.1 0.815756567739
6255.7 0.816957075598
6256.4 0.81637055304
6257.0 0.816180882028
6257.6 0.815368859959
6258.3 0.816037894668
6258.9 0.815348333701
6259.6 0.812992881911
6260.2 0.813362245476
6260.8 0.814005520868
6261.5 0.813731945173
6262.1 0.811495277302
6262.7 0.813581962741
6263.4 0.811717576879
6264.0 0.810704493406
6264.7 0.809868443335
6265.3 0.810307615821
6265.9 0.80948333637
6266.6 0.808440098166
6267.2 0.809056899051
6267.8 0.808608180441
6268.5 0.808414339028
6269.1 0.808630844878
6269.8 0.806347987207
6270.4 0.809906992853
6271.0 0.80502039782
6271.7 0.8085290078
6272.3 0.809554481675
6272.9 0.807437743813
6273.6 0.805699341819
6274.2 0.803507361212
6274.8 0.805459524912
6275.5 0.805364706897
6276.1 0.804239102824
6276.8 0.805815648773
6277.4 0.806719181487
6278.0 0.804165138532
6278.7 0.802093112725
6279.3 0.806493610026
6279.9 0.80461651298
6280.6 0.801853903037
6281.2 0.80446773686
6281.8 0.803207990277
6282.5 0.803404984303
6283.1 0.802700766523
6283.7 0.802702039601
6284.4 0.802906840351
6285.0 0.802071246283
6285.6 0.802929571202
6286.3 0.802976786255
6286.9 0.803250604173
6287.5 0.803554571124
6288.2 0.802871659118
6288.8 0.803235402433
6289.4 0.799753022121
6290.1 0.802026531028
6290.7 0.801453967292
6291.3 0.800698054105
6292.0 0.802149276425
6292.6 0.802356365369
6293.2 0.801708293775
6293.9 0.802756582089
6294.5 0.802012408292
6295.1 0.800285805457
6295.8 0.803137927017
6296.4 0.801720179905
6297.0 0.801699488646
6297.7 0.802014293585
6298.3 0.802265230863
6298.9 0.802373478101
6299.6 0.803206456219
6300.2 0.803542417882
6300.8 0.802568219161
6301.4 0.803216432832
6302.1 0.802900467246
6302.7 0.803010837789
6303.3 0.805012374694
6304.0 0.805015072201
6304.6 0.80262654735
6305.2 0.804032064872
6305.9 0.805802523658
6306.5 0.80378904167
6307.1 0.804683091875
6307.7 0.808788617087
6308.4 0.805085137941
6309.0 0.805715369875
6309.6 0.807444090217
6310.3 0.808171424451
6310.9 0.80766003098
6311.5 0.808423897596
6312.2 0.809135016033
6312.8 0.806736552198
6313.4 0.808666302218
6314.0 0.807924621728
6314.7 0.808764303793
6315.3 0.80772237953
6315.9 0.808203351837
6316.6 0.8111388691
6317.2 0.812077934303
6317.8 0.808916538648
6318.4 0.809918294233
6319.1 0.813238505231
6319.7 0.811968777197
6320.3 0.81299112196
6320.9 0.811749155958
6321.6 0.814077763547
6322.2 0.81308976386
6322.8 0.814800625815
6323.5 0.815193105052
6324.1 0.814880828739
6324.7 0.813422180816
6325.3 0.814540884133
6326.0 0.815345121256
6326.6 0.815448140704
6327.2 0.816285942179
6327.8 0.815602795949
6328.5 0.817560171412
6329.1 0.819414196188
6329.7 0.818337579211
6330.3 0.818207900119
6331.0 0.820645345523
6331.6 0.820286776917
6332.2 0.821542496235
6332.8 0.820619758093
6333.5 0.821385731837
6334.1 0.822838179409
6334.7 0.822295142822
6335.3 0.823444750489
6336.0 0.823352381342
6336.6 0.824381175596
6337.2 0.824708451916
6337.8 0.825094320686
6338.5 0.823134119621
6339.1 0.825552979001
6339.7 0.826150900337
6340.3 0.82772946953
6341.0 0.824403796917
6341.6 0.827188209122
6342.2 0.827114813302
6342.8 0.82916303996
6343.5 0.826417457745
6344.1 0.827074904069
6344.7 0.828286798923
6345.3 0.828265250924
6346.0 0.827702322134
6346.6 0.829130174981
6347.2 0.83027173753
6347.8 0.830858561491
6348.4 0.831794705885
6349.1 0.833825196337
6349.7 0.832822950943
6350.3 0.832362476419
6350.9 0.833260857046
6351.5 0.83261579851
6352.2 0.835738738757
6352.8 0.833136039139
6353.4 0.835170251674
6354.0 0.837172923147
6354.7 0.835245398413
6355.3 0.833998606979
6355.9 0.833775685323
6356.5 0.83569005795
6357.1 0.834934406353
6357.8 0.834949613677
6358.4 0.835902418278
6359.0 0.835816998935
6359.6 0.837783432503
6360.2 0.83575145938
6360.9 0.837570998531
6361.5 0.838454844491
6362.1 0.837263113282
6362.7 0.838308058406
6363.3 0.838115966428
6364.0 0.837858211986
6364.6 0.840088403275
6365.2 0.83771710269
6365.8 0.83719340814
6366.4 0.840124283146
6367.1 0.840926053558
6367.7 0.841403847869
6368.3 0.842767399209
6368.9 0.839184423027
6369.5 0.842402932002
6370.1 0.841154310369
6370.8 0.842163440881
6371.4 0.843870685901
6372.0 0.841373530253
6372.6 0.842139786118
6373.2 0.842306835329
6373.8 0.843118390432
6374.5 0.841993823494
6375.1 0.840865189852
6375.7 0.841443996808
6376.3 0.840378509706
6376.9 0.843812001951
6377.5 0.84487191259
6378.2 0.8420249692
6378.8 0.843481526929
6379.4 0.841576275208
6380.0 0.842887500109
6380.6 0.84263547858
6381.2 0.843667237234
6381.9 0.842044444599
6382.5 0.843073196701
6383.1 0.842790875253
6383.7 0.843145539679
6384.3 0.842693394885
6384.9 0.844358116721
6385.5 0.842549506698
6386.2 0.844126294298
6386.8 0.842431287569
6387.4 0.842761204896
6388.0 0.844127888999
6388.6 0.843676071203
6389.2 0.84241930991
6389.8 0.843128987184
6390.7 0.844350589628
6391.4 0.844715125684
6392.0 0.844194165949
6392.6 0.842533176584
6393.3 0.844611117406
6393.9 0.844834642393
6394.5 0.844785433146
6395.2 0.841456101272
6395.8 0.84370443568
6396.4 0.844038692084
6397.1 0.845642648141
6397.7 0.843477716232
6398.3 0.841350453028
6399.0 0.843536112724
6399.6 0.845081534209
6400.2 0.842367062508
6400.9 0.845850727741
6401.5 0.842997556204
6402.1 0.844018473266
6402.8 0.844883206267
6403.4 0.841807604857
6404.0 0.842953889488
6404.7 0.843886645987
6405.3 0.840423566229
6405.9 0.843398611305
6406.5 0.842415759924
6407.2 0.841499059866
6407.8 0.843051901167
6408.4 0.842313805411
6409.1 0.841698108234
6409.7 0.841472148919
6410.3 0.843345504831
6411.0 0.841333109448
6411.6 0.842516442755
6412.2 0.843962790455
6412.9 0.842673635385
6413.5 0.842663334844
6414.1 0.843097991912
6414.7 0.843423593938
6415.4 0.839824258745
6416.0 0.841651289683
6416.6 0.842252786065
6417.3 0.841397074507
6417.9 0.840304223698
6418.5 0.839735572197
6419.1 0.841167540973
6419.8 0.841855340497
6420.4 0.843137978747
6421.0 0.842984915225
6421.7 0.842813804344
6422.3 0.841855569212
6422.9 0.842458012166
6423.5 0.84188118786
6424.2 0.845614961019
6424.8 0.839891697382
6425.4 0.842626228913
6426.1 0.840507613518
6426.7 0.841394489417
6427.3 0.840558421782
6427.9 0.843062580633
6428.6 0.843271343113
6429.2 0.842550529769
6429.8 0.844134248813
6430.4 0.842237707536
6431.1 0.840742283756
6431.7 0.841839070587
6432.3 0.843118810954
6433.0 0.842212767974
6433.6 0.840726093749
6434.2 0.84299492806
6434.8 0.841355557125
6435.5 0.842329006906
6436.1 0.842905562308
6436.7 0.842459840262
6437.3 0.845019454517
6438.0 0.842381762356
6438.6 0.841529247984
6439.2 0.842077349771
6439.8 0.842643593635
6440.5 0.843779252822
6441.1 0.84152269357
6441.7 0.844127045315
6442.3 0.840501671638
6443.0 0.842427181065
6443.6 0.842659795232
6444.2 0.842329251373
6444.8 0.841930280344
6445.5 0.841281655483
6446.1 0.844381464293
6446.7 0.843340273565
6447.3 0.843008954743
6448.0 0.842920428943
6448.6 0.843571545234
6449.2 0.843240517782
6449.8 0.844618612991
6450.5 0.842285890082
6451.1 0.845811715118
6451.7 0.844553771903
6452.3 0.843995327255
6453.0 0.84670076039
6453.6 0.841380233192
6454.2 0.843454622338
6454.8 0.843883372076
6455.5 0.845736794472
6456.1 0.844869826855
6456.7 0.845583801035
6457.3 0.845910594336
6457.9 0.84366546799
6458.6 0.846365609666
6459.2 0.84434637845
6459.8 0.845327333326
6460.4 0.843675307308
6461.1 0.844967118429
6461.7 0.845670680694
6462.3 0.843808384623
6462.9 0.845851264852
6463.5 0.845394613877
6464.2 0.8466390643
6464.8 0.845334589548
6465.4 0.84587559932
6466.0 0.844552829608
6466.7 0.845751710189
6467.3 0.846078281629
6467.9 0.845248870235
6468.5 0.84577195352
6469.1 0.846325679347
6469.8 0.846949996463
6470.4 0.846447403014
6471.0 0.846541119014
6471.6 0.84723452499
6472.2 0.847356739966
6472.9 0.846001229361
6473.5 0.847550590127
6474.1 0.847074778711
6474.7 0.847283942787
6475.3 0.845853008118
6476.0 0.84577051232
6476.6 0.84502302194
6477.2 0.847766777953
6477.8 0.847565031739
6478.4 0.849045098059
6479.1 0.848196646214
6479.7 0.850765761395
6480.3 0.849684586572
6480.9 0.851262095867
6481.5 0.847755085004
6482.2 0.84635012342
6482.8 0.847821679459
6483.4 0.848857145531
6484.0 0.847659060864
6484.6 0.848429686788
6485.2 0.849977873414
6485.9 0.848567852533
6486.5 0.84924980002
6487.1 0.848909465728
6487.7 0.848885270696
6488.3 0.847718498754
6489.0 0.846624489359
6489.6 0.848948993684
6490.2 0.851084861463
6490.8 0.848148074085
6491.4 0.849018112177
6492.0 0.848146614235
6492.7 0.849344660555
6493.3 0.848458312376
6493.9 0.848855548565
6494.5 0.847218902164
6495.1 0.850051575815
6495.7 0.849384031414
6496.4 0.849176655388
6497.0 0.847650841744
6497.6 0.850160912734
6498.2 0.849521179377
6498.8 0.849605543694
6499.4 0.848151890515
6500.0 0.84828955864
6500.7 0.849200519531
6501.3 0.848662145697
6501.9 0.847985653343
6502.5 0.851416789409
6503.1 0.851633828987
6503.7 0.849482374367
6504.4 0.850812938336
6505.0 0.849624285028
6505.6 0.852160814984
6506.2 0.849881236655
6506.8 0.849712552398
6507.4 0.849104749809
6508.0 0.849388512266
6508.7 0.847832519092
6509.3 0.849935730226
6509.9 0.850061643861
6510.5 0.851153237321
6511.1 0.847649559956
6511.7 0.849710521655
6512.3 0.850731793903
6512.9 0.847825459024
6513.6 0.848845361285
6514.2 0.851995070168
6514.8 0.849082808735
6515.4 0.848531876375
6516.0 0.848981556377
6516.6 0.850264970043
6517.2 0.85171884418
6517.9 0.847890996083
6518.5 0.848535098468
6519.1 0.849569136702
6519.7 0.849750852145
6520.3 0.852767271829
6520.9 0.848056030496
6521.5 0.849156735866
6522.1 0.851173525772
6522.7 0.847713319857
6523.4 0.847267554484
6524.0 0.849067392429
6524.6 0.848497303644
6525.2 0.850045954015
6525.8 0.850348109506
6526.4 0.848987449435
6527.0 0.85077526554
6527.6 0.849089203132
6528.2 0.849602998899
6528.9 0.846925681211
6529.5 0.849600041223
6530.1 0.849282388921
6530.7 0.850102917028
6531.3 0.849474479941
6531.9 0.848659718633
6532.5 0.848424004218
6533.1 0.851185831325
6533.7 0.848913569395
6534.3 0.849304128901
6535.0 0.847998108558
6535.6 0.848472659781
6536.2 0.849270916783
6536.8 0.849454365777
6537.4 0.849166314569
6538.0 0.850932672855
6538.6 0.850410456657
6539.2 0.849740776537
6539.8 0.846786519727
6540.4 0.848475404944
6541.0 0.85013283341
6541.6 0.850814431355
6542.3 0.848128159841
6542.9 0.849052624709
6543.5 0.848921152168
6544.1 0.849823412455
6544.7 0.850130456943
6545.3 0.850985262891
6545.9 0.848507420556
6546.5 0.847826038232
6547.1 0.848229259795
6547.7 0.849425027553
6548.3 0.849008489515
6548.9 0.849470019431
6549.5 0.85017875406
6550.1 0.850497572855
6550.7 0.84835018581
6551.4 0.849343372553
6552.0 0.847686934601
6552.6 0.847841705343
6553.2 0.848252400328
6553.8 0.848318716096
6554.4 0.849236402534
6555.0 0.848686519072
6555.6 0.846086072345
6556.2 0.849189613705
6556.8 0.847637015485
6557.4 0.84892688041
6558.0 0.848235129675
6558.6 0.847893753917
6559.2 0.848055827673
6559.8 0.847418336492
6560.4 0.850401911801
6561.0 0.847496759153
6561.6 0.847375701033
6562.2 0.848344305812
6562.8 0.849421327163
6563.4 0.84770578042
6564.1 0.847777695444
6564.7 0.848577106379
6565.3 0.846726293135
6565.9 0.846823312973
6566.5 0.84759267564
6567.1 0.847184666742
6567.7 0.849031195171
6568.3 0.845476644319
6568.9 0.848663293778
6569.5 0.848924357562
6570.1 0.849370932255
6570.7 0.848372682569
6571.3 0.849169216385
6571.9 0.848404626917
6572.5 0.848505694221
6573.1 0.848116840417
6573.7 0.847653790284
6574.3 0.847900661788
6574.9 0.848085748642
6575.5 0.848884958232
6576.1 0.849905413397
6576.7 0.848983857005
6577.3 0.846172740917
6577.9 0.847680004837
6578.5 0.849243321499
6579.1 0.848162143274
6579.7 0.849646074763
6580.3 0.847300788508
6580.9 0.847239381724
6581.5 0.849277165679
6582.1 0.847646715029
6582.7 0.849172998486
6583.3 0.847041726108
6583.9 0.849452153982
6584.5 0.847470425761
6585.1 0.847278344009
6585.7 0.847122032495
6586.3 0.84751452789
6586.9 0.848860197961
6587.5 0.847483968245
6588.1 0.847163466372
6588.7 0.848271970582
6589.3 0.846726434844
6589.9 0.847061642421
6590.5 0.848397471496
6591.1 0.849696390477
6591.7 0.847742749699
6592.3 0.847077586999
6592.9 0.847467772258
6593.5 0.847634218599
6594.1 0.847421819476
6594.7 0.848581482369
6595.3 0.845450623128
6595.9 0.846041691003
6596.5 0.847774055237
6597.1 0.846851807123
6597.7 0.848945540696
6598.2 0.846147545749
6598.8 0.846525685053
6599.4 0.847470124401
6600.0 0.845576587958
6600.6 0.850008420757
6601.2 0.845219031305
6601.8 0.845198897695
6602.4 0.846338461074
6603.0 0.848797658148
6603.6 0.845354115338
6604.2 0.846810475625
6604.8 0.848403228533
6605.4 0.84742294971
6606.0 0.846647753767
6606.6 0.846273360776
6607.2 0.843759914518
6607.8 0.844897793042
6608.4 0.846389201822
6609.0 0.846440940252
6609.6 0.847633056624
6610.2 0.843377519749
6610.7 0.845670696729
6611.3 0.84694203707
6611.9 0.845429637507
6612.5 0.844343330031
6613.1 0.846814979979
6613.7 0.847853928636
6614.3 0.845867141072
6614.9 0.843607666584
6615.5 0.843621923254
6616.1 0.845872757922
6616.7 0.845559961828
6617.3 0.846937333385
6617.9 0.844685720321
6618.5 0.845111752813
6619.0 0.844012139769
6619.6 0.843858846628
6620.2 0.843609104305
6620.8 0.844446023079
6621.4 0.84376818633
6622.0 0.844957504479
6622.6 0.844129091738
6623.2 0.842323167492
6623.8 0.842861352593
6624.4 0.84385467636
6625.0 0.843652789271
6625.6 0.843880691621
6626.1 0.844908952612
6626.7 0.844518701156
6627.3 0.84450668794
6627.9 0.84386587597
6628.5 0.844333710581
6629.1 0.843361319623
6629.7 0.843392393187
6630.3 0.843989260846
6630.9 0.844542488698
6631.4 0.842963434792
6632.0 0.844079455239
6632.6 0.842853190505
6633.2 0.841959377391
6633.8 0.843252335138
6634.4 0.845229989748
6635.0 0.843471379194
6635.6 0.84244129283
6636.2 0.843185303765
6636.7 0.841902369593
6637.3 0.844560990363
6637.9 0.842331455472
6638.5 0.842218698977
6639.1 0.842431202891
6639.7 0.841063405411
6640.3 0.840301355682
6640.9 0.841984807407
6641.4 0.841327539005
6642.0 0.841323496732
6642.6 0.840737470239
6643.2 0.840148871793
6643.8 0.841610331542
6644.4 0.842467061445
6645.0 0.842369858066
6645.6 0.842047531574
6646.1 0.841206009223
6646.7 0.839571375835
6647.3 0.84146642006
6647.9 0.841741679814
6648.5 0.840700256612
6649.1 0.840710148878
6649.7 0.840367724171
6650.2 0.839128196823
6650.8 0.840107501684
6651.4 0.840798717314
6652.0 0.838254722549
6652.6 0.838156190308
6653.2 0.841205991805
6653.7 0.840356664051
6654.3 0.84094043432
6654.9 0.838830389027
6655.5 0.840782287827
6656.1 0.842149335238
6656.7 0.83734212083
6657.2 0.839818572899
6657.8 0.837099137535
6658.4 0.840251275909
6659.0 0.838156994772
6659.6 0.839751690174
6660.2 0.838771396393
6660.7 0.839266766533
6661.3 0.839429516688
6661.9 0.838390104401
6662.5 0.840275614351
6663.1 0.840778257104
6663.7 0.838124737338
6664.2 0.83744927901
6664.8 0.838242632761
6665.4 0.838710121879
6666.0 0.839473883797
6666.6 0.838189001558
6667.1 0.841477013021
6667.7 0.839574584533
6668.3 0.837211590312
6668.9 0.83813574602
6669.5 0.837124768823
6670.0 0.840787595949
6670.6 0.839933637854
6671.2 0.839958380169
6671.8 0.838931954235
6672.4 0.837913498575
6672.9 0.839830086223
6673.5 0.840300644935
6674.1 0.838558953944
6674.7 0.837101179497
6675.3 0.83922206337
6675.8 0.838322193475
6676.4 0.8386651666
6677.0 0.839457251123
6677.6 0.838962378728
6678.2 0.836119730431
6678.7 0.838398205001
6679.3 0.837543481099
6679.9 0.839270888727
6680.5 0.838054439245
6681.0 0.83680709086
6681.6 0.83975752072
6682.2 0.83653362296
6682.8 0.837670337292
6683.4 0.839059296185
6683.9 0.836434057676
6684.5 0.838987045007
6685.1 0.83666552771
6685.7 0.836900298612
6686.2 0.836433398543
6686.8 0.839242471738
6687.4 0.836794101755
6688.0 0.835496863416
6688.5 0.839283414678
6689.1 0.838061576986
6689.7 0.838164053168
6690.3 0.838894183985
6690.8 0.835900738702
6691.4 0.840774924978
6692.0 0.838965848862
6692.6 0.837223900435
6693.1 0.839943255718
6693.7 0.838004649187
6694.3 0.839132770033
6694.9 0.837284171573
6695.4 0.835489851723
6696.0 0.839399999638
6696.6 0.839072579939
6697.2 0.838744556564
6697.7 0.839295554212
6698.3 0.83835310244
6698.9 0.838788960327
6699.5 0.838773438513
6700.0 0.837362592058
6700.6 0.838865344213
6701.2 0.836670926379
6701.8 0.83910175927
6702.3 0.838104323541
6702.9 0.83892612008
6703.5 0.837362815776
6704.0 0.838560220714
6704.6 0.837060847168
6705.2 0.838364594965
6705.8 0.839487664539
6706.3 0.837968875714
6706.9 0.838735266734
6707.5 0.837075924579
6708.0 0.836038098841
6708.6 0.837816871756
6709.2 0.838316831514
6709.8 0.837137346497
6710.3 0.836748728576
6710.9 0.838469126777
6711.5 0.837029348019
6712.0 0.836834758235
6712.6 0.837319121137
6713.2 0.835847350156
6713.7 0.838086609566
6714.3 0.836131925821
6714.9 0.836696968569
6715.5 0.836081826379
6716.0 0.836358194771
6716.6 0.838848730854
6717.2 0.836036201318
6717.7 0.836997490241
6718.3 0.83775809873
6718.9 0.834356546432
6719.4 0.836498516151
6720.0 0.835657413178
6720.6 0.836187820386
6721.1 0.8348442274
6721.7 0.836003006423
6722.3 0.834433892502
6722.8 0.835213204742
6723.4 0.835522347806
6724.0 0.834723219636
6724.5 0.835959549819
6725.1 0.835693835032
6725.7 0.834406259587
6726.2 0.835522960913
6726.8 0.835073683725
6727.4 0.834428537073
6727.9 0.834831371544
6728.5 0.835703418031
6729.1 0.835223827042
6729.6 0.835711136759
6730.2 0.833630631498
6730.8 0.834266631802
6731.3 0.832496447063
6731.9 0.833849013178
6732.5 0.834351376509
6733.0 0.835217097571
6733.6 0.83434555444
6734.2 0.835009568653
6734.7 0.835118150053
6735.3 0.832966598647
6735.8 0.833272328181
6736.4 0.833279369448
6737.0 0.832548955415
6737.5 0.832740030034
6738.1 0.83336383468
6738.7 0.832957439488
6739.2 0.831727218612
6739.8 0.83073934278
6740.4 0.830429147151
6740.9 0.833630755092
6741.5 0.83304785235
6742.0 0.829633747817
6742.6 0.833290894157
6743.2 0.831522534194
6743.7 0.831964000795
6744.3 0.83319236049
6744.8 0.833385776883
6745.4 0.830616296958
6746.0 0.830543954911
6746.5 0.834055603211
6747.1 0.831175960274
6747.7 0.832350048366
6748.2 0.830222345341
6748.8 0.830679603985
6749.3 0.832213120406
6749.9 0.829610133674
6750.5 0.831288613776
6751.0 0.83145241884
6751.6 0.830774008869
6752.1 0.829705757237
6752.7 0.830692455617
6753.3 0.829852204462
6753.8 0.82949140241
6754.4 0.829110575211
6754.9 0.829502968342
6755.5 0.829401670621
6756.0 0.826862283793
6756.6 0.828307881053
6757.2 0.828076902724
6757.7 0.827982900845
6758.3 0.82722415642
6758.8 0.8279548283
6759.4 0.830910928971
6760.0 0.828374091489
6760.5 0.830554051318
6761.1 0.827194137244
6761.6 0.826444437219
6762.2 0.826985725932
6762.7 0.82880842239
6763.3 0.82836839034
6763.9 0.829358851829
6764.4 0.826595600432
6765.0 0.829393660842
6765.5 0.824892871933
6766.1 0.825658384629
6766.6 0.828609048258
6767.2 0.82460748256
6767.7 0.825986062276
6768.3 0.825944982177
6768.9 0.82575939303
6769.4 0.824264081179
6770.0 0.826591286498
6770.5 0.824289441134
6771.1 0.826284123309
6771.6 0.825314562304
6772.2 0.823502987476
6772.7 0.82598768499
6773.3 0.826697451009
6773.8 0.825262709322
6774.4 0.82553733167
6774.9 0.824640326864
6775.5 0.824000544245
6776.1 0.824467534344
6776.6 0.826456959933
6777.2 0.823890175298
6777.7 0.823885012952
6778.3 0.823153190645
6778.8 0.823840653201
6779.4 0.823659977633
6779.9 0.823006064453
6780.5 0.82395117118
6781.0 0.823012832594
6781.6 0.825448876215
6782.1 0.825199523984
6782.7 0.822959573985
6783.2 0.822916387529
6783.8 0.821548497688
6784.3 0.824130914884
6784.9 0.82258263707
6785.4 0.821710646803
6786.0 0.822246180107
6786.5 0.824201777454
6787.1 0.822894907752
6787.6 0.824187401117
6788.2 0.820870690881
6788.7 0.822523581337
6789.3 0.822115980756
6789.8 0.822746538315
6790.4 0.820785517614
6790.9 0.822531182488
6791.5 0.822813499118
6792.0 0.820735608627
6792.6 0.821793105733
6793.1 0.822129173615
6793.7 0.8206732809
6794.2 0.822579619508
6794.8 0.821613683453
6795.3 0.820934157795
6795.9 0.819553036895
6796.4 0.820777804566
6796.9 0.822013364361
6797.5 0.821685632941
6798.0 0.820903030961
6798.6 0.820571233665
6799.1 0.82180260333
6799.7 0.821774197784
6800.2 0.820733062175
6800.8 0.820805063711
6801.3 0.82276166489
6801.9 0.821079171832
6802.4 0.821525341309
6803.0 0.825066305349
6803.5 0.819408740194
6804.0 0.820970596749
6804.6 0.821526105255
6805.1 0.820321158474
6805.7 0.821633565291
6806.2 0.820926567977
6806.8 0.821083145969
6807.3 0.821117959767
6807.9 0.820240327783
6808.4 0.820903794854
6808.9 0.821618355026
6809.5 0.819676710047
6810.0 0.820102436526
6810.6 0.821533042833
6811.1 0.821471957034
6811.7 0.819784975889
6812.2 0.821406538601
6812.7 0.821763214989
6813.3 0.820441519571
6813.8 0.823777722659
6814.4 0.819209588432
6814.9 0.819888672798
6815.4 0.820936517819
6816.0 0.820607738821
6816.5 0.821859919795
6817.1 0.822125396915
6817.6 0.821188442465
6818.2 0.820896806308
6818.7 0.819340665439
6819.2 0.82213161306
6819.8 0.821458831593
6820.3 0.821410952043
6820.9 0.819749682323
6821.4 0.820375017502
6821.9 0.821139047691
6822.5 0.820117136115
6823.0 0.82068760409
6823.6 0.820413743647
6824.1 0.822009716313
6824.6 0.819400649663
6825.2 0.820939831694
6825.7 0.82047971331
6826.2 0.821983778375
6826.8 0.823484228288
6827.3 0.82044881753
6827.9 0.818441316126
6828.4 0.82115034798
6828.9 0.82120218186
6829.5 0.820612866137
6830.0 0.82154921838
6830.5 0.821500203277
6831.1 0.821837076724
6831.6 0.822852493465
6832.2 0.820806805947
6832.7 0.821419271715
6833.2 0.821872340882
6833.8 0.821990945967
6834.3 0.822458951934
6834.8 0.819810738598
6835.4 0.82195883495
6835.9 0.820620974845
6836.4 0.822105733992
6837.0 0.82088975247
6837.5 0.822002713243
6838.0 0.821885805277
6838.6 0.820947076171
6839.1 0.822059065124
6839.6 0.821927919893
6840.2 0.819208659971
6840.7 0.823877290851
6841.3 0.820244930932
6841.8 0.823311473568
6842.3 0.821793942471
6842.9 0.824821257642
6843.4 0.824580774562
6843.9 0.823165117378
6844.4 0.822647835244
6845.0 0.821968109052
6845.5 0.822663459654
6846.0 0.824224744603
6846.6 0.821110404292
6847.1 0.820879738792
6847.6 0.821630600349
6848.2 0.823118121899
6848.7 0.822301488458
6849.2 0.822995239542
6849.8 0.820197229238
6850.3 0.824625097369
6850.8 0.822842609404
6851.4 0.823104215469
6851.9 0.821673878033
6852.4 0.819977610968
6852.9 0.822771942566
6853.5 0.822441729689
6854.0 0.824815751698
6854.5 0.825074069551
6855.1 0.824752799289
6855.6 0.823069571671
6856.1 0.823468275138
6856.7 0.823112507041
6857.2 0.821876223186
6857.7 0.822465631722
6858.2 0.822154641734
6858.8 0.823720497732
6859.3 0.822267643014
6859.8 0.822149191254
6860.4 0.82415140135
6860.9 0.823838320518
6861.4 0.82448885332
6861.9 0.821143352972
6862.5 0.824566877186
6863.0 0.821636042675
6863.5 0.822771833762
6864.0 0.82213012652
6864.6 0.823159635221
6865.1 0.824459899625
6865.6 0.82144204013
6866.1 0.82414819512
6866.5 0.822972093462
6867.1 0.825049475317
6867.7 0.822753265557
6868.3 0.824983989557
6868.9 0.825313533867
6869.4 0.824169445651
6870.0 0.822545141738
6870.6 0.824334250747
6871.2 0.822920196386
6871.8 0.823317608026
6872.4 0.823962166507
6872.9 0.82548523926
6873.5 0.824462266119
6874.1 0.825066879474
6874.7 0.823630938386
6875.3 0.826502961852
6875.9 0.822564652268
6876.4 0.825241718151
6877.0 0.822687867441
6877.6 0.824035067487
6878.2 0.821157704472
6878.8 0.823283295291
6879.4 0.826453718623
6879.9 0.825619990512
6880.5 0.822342953844
6881.1 0.824478183269
6881.7 0.825467894196
6882.3 0.822711685582
6882.9 0.82589400454
6883.4 0.825757271357
6884.0 0.822438135302
6884.6 0.825012789523
6885.2 0.823792958589
6885.8 0.824450845353
6886.4 0.824334592575
6886.9 0.824999475868
6887.5 0.824570888643
6888.1 0.823384272723
6888.7 0.823195263789
6889.3 0.824366472551
6889.8 0.823359254026
6890.4 0.825524009746
6891.0 0.824641901311
6891.6 0.822432394405
6892.2 0.822328644334
6892.8 0.822538975632
6893.3 0.823454242977
6893.9 0.825477043651
6894.5 0.820480768072
6895.1 0.82267623518
6895.7 0.82505614039
6896.2 0.821441800771
6896.8 0.822317023192
6897.4 0.822609862218
6898.0 0.823694767714
6898.6 0.824806984094
6899.1 0.823106266228
6899.7 0.823930947589
6900.3 0.821844496079
6900.9 0.824594573329
6901.4 0.822963812379
6902.0 0.821291005405
6902.6 0.821888364556
6903.2 0.824759851902
6903.8 0.822085357479
6904.3 0.823682958109
6904.9 0.822336585793
6905.5 0.823909752727
6906.1 0.822543053922
6906.7 0.821402939754
6907.2 0.823095946012
6907.8 0.823839229484
6908.4 0.823028884666
6909.0 0.824470248434
6909.5 0.821694299143
6910.1 0.822371007265
6910.7 0.823257983418
6911.3 0.823136680723
6911.9 0.823637423628
6912.4 0.822187706166
6913.0 0.82288772118
6913.6 0.8213774528
6914.2 0.822913933068
6914.7 0.82266418326
6915.3 0.822383693266
6915.9 0.820661524762
6916.5 0.822931124959
6917.0 0.82157853982
6917.6 0.819438888729
6918.2 0.822049547306
6918.8 0.822953837299
6919.3 0.822600109828
6919.9 0.820715399486
6920.5 0.824740096048
6921.1 0.822724026605
6921.6 0.822894371923
6922.2 0.821510741324
6922.8 0.821965243374
6923.4 0.823748478517
6923.9 0.820933353114
6924.5 0.82185730478
6925.1 0.822565206614
6925.7 0.82213432675
6926.2 0.824633275217
6926.8 0.821009215739
6927.4 0.82168060218
6928.0 0.820956178731
6928.5 0.821302314243
6929.1 0.822077985859
6929.7 0.821379764608
6930.3 0.820394931514
6930.8 0.821849063957
6931.4 0.822059333926
6932.0 0.822401117074
6932.6 0.820997764611
6933.1 0.821238496259
6933.7 0.820720481338
6934.3 0.822129965623
6934.8 0.819832012574
6935.4 0.822016034564
6936.0 0.822918879387
6936.6 0.821017775328
6937.1 0.821909329571
6937.7 0.820888101094
6938.3 0.821728868209
6938.9 0.821737357688
6939.4 0.817450049771
6940.0 0.820802114676
6940.6 0.818882782167
6941.1 0.821435358915
6941.7 0.818913122154
6942.3 0.821428519555
6942.9 0.820783645243
6943.4 0.817432711362
6944.0 0.819303255632
6944.6 0.819581109714
6945.1 0.817197337266
6945.7 0.817976500871
6946.3 0.819758474813
6946.8 0.820561624311
6947.4 0.819370393109
6948.0 0.817616258899
6948.6 0.819230981053
6949.1 0.820030473327
6949.7 0.821040519688
6950.3 0.819106872378
6950.8 0.819476737338
6951.4 0.819690911566
6952.0 0.81801161432
6952.5 0.819394008109
6953.1 0.817951824096
6953.7 0.819512600137
6954.3 0.817172695437
6954.8 0.818895846635
6955.4 0.816021062244
6956.0 0.815236588467
6956.5 0.817762115203
6957.1 0.818990395344
6957.7 0.818980595458
6958.2 0.817731750234
6958.8 0.818822219262
6959.4 0.818319964948
6959.9 0.815759262117
6960.5 0.816217587681
6961.1 0.815496324801
6961.6 0.817708084982
6962.2 0.816493317409
6962.8 0.815598722786
6963.3 0.815410985177
6963.9 0.817360343299
6964.5 0.815082372714
6965.0 0.818758375885
6965.6 0.815983436217
6966.2 0.815631820371
6966.7 0.81513304761
6967.3 0.817226236377
6967.9 0.815947134563
6968.4 0.816357368443
6969.0 0.814697709728
6969.6 0.815273404662
6970.1 0.813546527209
6970.7 0.814816030495
6971.3 0.816391917164
6971.8 0.816053002431
6972.4 0.814620601864
6973.0 0.815713916884
6973.5 0.818627648726
6974.1 0.813539619378
6974.6 0.816397917328
6975.2 0.813820555999
6975.8 0.815556621215
6976.3 0.814662053842
6976.9 0.815053117037
6977.5 0.812334110811
6978.0 0.81427668303
6978.6 0.814492787476
6979.2 0.813553594618
6979.7 0.815257556219
6980.3 0.815906607304
6980.8 0.814226123449
6981.4 0.813205071762
6982.0 0.812977714251
6982.5 0.812388754691
6983.1 0.813344425728
6983.7 0.813694548233
6984.2 0.81213012685
6984.8 0.813635828084
6985.3 0.812485880751
6985.9 0.813286022427
6986.5 0.812029610768
6987.0 0.81507844062
6987.6 0.813577501646
6988.2 0.812814668919
6988.7 0.81517780068
6989.3 0.815812383403
6989.8 0.814012656649
6990.4 0.811764594234
6991.0 0.813547416788
6991.5 0.814290535981
6992.1 0.813806377018
6992.6 0.813268873282
6993.2 0.813266369596
6993.8 0.813031917033
6994.3 0.813008981911
6994.9 0.809936074405
6995.4 0.81327987012
6996.0 0.810354478138
6996.6 0.813195374363
6997.1 0.812756141705
6997.7 0.814312265811
6998.2 0.810809916115
6998.8 0.811833120203
6999.4 0.812432412931
6999.9 0.812530927748
7000.5 0.811860245132
7001.0 0.812861642624
7001.6 0.810503534622
7002.2 0.811022827004
7002.7 0.811941918442
7003.3 0.812110973914
7003.8 0.811026772656
7004.4 0.809558117181
7004.9 0.809501083188
7005.5 0.811197529087
7006.1 0.811524910499
7006.6 0.809513979384
7007.2 0.809837876503
7007.7 0.809172299401
7008.3 0.809226497815
7008.8 0.808090511778
7009.4 0.809423002732
7010.0 0.81014541225
7010.5 0.808964307115
7011.1 0.809185785889
7011.6 0.811172379006
7012.2 0.80838416676
7012.7 0.80978268181
7013.3 0.80996141764
7013.8 0.809303510022
7014.4 0.808167366546
7015.0 0.808481284336
7015.5 0.808024029641
7016.1 0.807730212833
7016.6 0.809108308255
7017.2 0.807128594173
7017.7 0.8080233964
7018.3 0.807867452528
7018.8 0.808667178959
7019.4 0.808691699106
7019.9 0.808492288292
7020.5 0.808741527425
7021.1 0.80653023018
7021.6 0.806516283451
7022.2 0.806368068428
7022.7 0.807789973007
7023.3 0.807248208442
7023.8 0.806181841653
7024.4 0.80886009725
7024.9 0.807148094576
7025.5 0.808223078989
7026.0 0.807533798542
7026.6 0.805928828034
7027.1 0.806418341107
7027.7 0.805659597022
7028.2 0.805466840415
7028.8 0.805284383212
7029.4 0.807761198694
7029.9 0.805976146158
7030.5 0.807644557227
7031.0 0.804589976149
7031.6 0.807238483915
7032.1 0.806844040078
7032.7 0.806352665799
7033.2 0.804520963523
7033.8 0.807443381441
7034.3 0.804731925072
7034.9 0.807202084588
7035.4 0.805141714921
7036.0 0.807330966917
7036.5 0.806601889072
7037.1 0.805086263237
7037.6 0.80627980583
7038.2 0.804693383421
7038.7 0.808074826253
7039.3 0.804317949499
7039.8 0.805428495697
7040.4 0.803433662699
7040.9 0.804244750921
7041.5 0.805340426191
7042.0 0.806464186604
7042.6 0.804091931174
7043.1 0.804732784602
7043.7 0.805153596833
7044.2 0.804661089517
7044.8 0.803290552752
7045.3 0.80408204692
7045.9 0.806475005623
7046.4 0.805528888837
7046.9 0.805004277755
7047.5 0.805020040038
7048.0 0.805913007524
7048.6 0.803387385203
7049.1 0.804276789565
7049.7 0.803558328217
7050.2 0.804687097119
7050.8 0.803155315135
7051.3 0.804947055702
7051.9 0.804898838256
7052.4 0.802995701181
7053.0 0.805469509633
7053.5 0.804573576991
7054.1 0.803911274355
7054.6 0.804249447989
7055.1 0.805319997565
7055.7 0.804013124049
7056.2 0.804949263444
7056.8 0.803202189736
7057.3 0.804635914739
7057.9 0.801842796396
7058.4 0.803124331056
7059.0 0.805111450716
7059.5 0.803525675136
7060.1 0.804530008426
7060.6 0.804340153598
7061.1 0.803902860245
7061.7 0.803921684438
7062.2 0.804279225948
7062.8 0.804991465001
7063.3 0.803648332705
7063.9 0.801172177687
7064.4 0.804835884019
7064.9 0.803383309076
7065.5 0.800877568958
7066.0 0.805439229718
7066.6 0.802189116063
7067.1 0.804191616258
7067.7 0.802646590295
7068.2 0.801728110434
7068.7 0.803319099409
7069.3 0.801393786088
7069.8 0.803787486477
7070.4 0.801468745373
7070.9 0.801519561303
7071.5 0.802038845929
7072.0 0.802216273821
7072.5 0.801901797099
7073.1 0.803190879297
7073.6 0.80094855261
7074.2 0.805493465343
7074.7 0.801222734693
7075.2 0.802107407906
7075.8 0.802027552134
7076.3 0.801875395151
7076.9 0.799699419132
7077.4 0.801948213497
7077.9 0.800970217188
7078.5 0.801034541188
7079.0 0.797975257281
7079.6 0.800857062225
7080.1 0.800111678291
7080.6 0.799492915318
7081.2 0.79912914414
7081.7 0.797071873149
7082.3 0.798950428907
7082.8 0.799700828557
7083.3 0.798070188375
7083.9 0.799461947387
7084.4 0.797814126629
7085.0 0.798841554372
7085.5 0.797407402276
7086.0 0.799315832861
7086.6 0.795587839529
7087.1 0.794328757787
7087.6 0.796723426695
7088.2 0.796498928497
7088.7 0.793771624977
7089.3 0.795786972292
7089.8 0.79297877507
7090.3 0.793162418284
7090.9 0.792096929238
7091.4 0.792285335693
7091.9 0.792612691092
7092.5 0.791196835678
7093.0 0.791316983917
7093.5 0.787957636467
7094.1 0.79162784771
7094.6 0.789306638477
7095.2 0.790473688836
7095.7 0.787725396758
7096.2 0.788059034201
7096.8 0.786264665048
7097.3 0.784990561394
7097.8 0.786822310792
7098.4 0.787861197653
7098.9 0.784246558672
7099.4 0.783819117851
7100.0 0.784493311148
7100.5 0.785832616995
7101.0 0.781723557397
7101.6 0.784267092763
7102.1 0.781361114889
7102.6 0.781115252013
7103.2 0.781298326802
7103.7 0.779927156711
7104.2 0.778457742144
7104.8 0.777188785803
7105.3 0.777943448571
7105.8 0.774978844719
7106.4 0.77626146615
7106.9 0.775076535614
7107.4 0.773306158503
7108.0 0.771529930772
7108.5 0.769306542401
7109.0 0.772126448459
7109.6 0.770569599204
7110.1 0.768127535738
7110.6 0.768800196781
7111.1 0.767565847733
7111.7 0.767201374181
7112.2 0.765829245187
7112.7 0.766966333677
7113.3 0.763168592359
7113.8 0.762160410708
7114.3 0.760488425935
7114.9 0.760849062008
7115.4 0.758299723317
7115.9 0.758548351178
7116.5 0.755268311143
7117.0 0.756551627038
7117.5 0.754411008343
7118.0 0.754108290021
7118.6 0.754440269316
7119.1 0.752459636586
7119.6 0.749323155621
7120.2 0.750705503602
7120.7 0.747100394904
7121.2 0.746635646446
7121.7 0.746183383499
7122.3 0.743732817852
7122.8 0.743234564501
7123.3 0.742454756725
7123.9 0.743001584313
7124.4 0.740439507732
7124.9 0.738954280735
7125.4 0.738478100628
7126.0 0.73861136202
7126.5 0.734903912646
7127.0 0.734101142476
7127.5 0.733878775728
7128.1 0.732639190839
7128.6 0.731712778538
7129.1 0.730177492388
7129.6 0.728891496957
7130.2 0.728901218035
7130.7 0.72556939018
7131.2 0.723883452713
7131.7 0.722911286665
7132.3 0.723765034099
7132.8 0.72137777203
7133.3 0.720814152225
7133.8 0.719072986963
7134.4 0.717031003729
7134.9 0.716547088881
7135.4 0.714144259317
7135.9 0.712529589866
7136.5 0.712136696681
7137.0 0.709476659545
7137.5 0.710908349936
7138.0 0.708391141574
7138.6 0.707301172043
7139.1 0.705431932051
7139.6 0.704186688616
7140.1 0.705964640192
7140.7 0.703379636178
7141.2 0.701358194785
7141.7 0.700580929627
7142.2 0.697050609011
7142.7 0.698952579074
7143.3 0.697910876739
7143.8 0.695296125751
7144.3 0.694389653054
7144.8 0.691697428176
7145.4 0.690317098019
7145.9 0.689857178027
7146.4 0.688689418623
7146.9 0.687777253997
7147.4 0.685109462873
7148.0 0.683387538247
7148.5 0.682620333788
7149.0 0.68057813712
7149.5 0.679443431192
7150.0 0.677928729454
7150.6 0.679204575851
7151.1 0.677749287309
7151.6 0.674380264878
7152.1 0.674908123569
7152.6 0.673117774362
7153.2 0.671366902713
7153.7 0.67041278331
7154.2 0.669656607925
7154.7 0.667648902105
7155.2 0.666315095175
7155.8 0.665225540064
7156.3 0.663733363021
7156.8 0.665128853531
7157.3 0.66079610849
7157.8 0.659454356674
7158.3 0.65854600735
7158.9 0.656692982528
7159.4 0.655437519214
7159.9 0.657420136101
7160.4 0.652976680606
7160.9 0.653986545472
7161.4 0.653196094947
7162.0 0.652823232779
7162.5 0.648497071003
7163.0 0.646455427547
7163.5 0.645788503558
7164.0 0.645954488425
7164.5 0.643283391436
7165.1 0.642603559765
7165.6 0.640010112464
7166.1 0.640226503144
7166.6 0.638855647685
7167.1 0.636091520196
7167.6 0.637096841204
7168.2 0.634502012498
7168.7 0.632925266724
7169.2 0.631447752795
7169.7 0.629861432893
7170.2 0.629676851314
7170.7 0.626815146034
7171.2 0.625289371563
7171.7 0.62510219998
7172.3 0.623891498801
7172.8 0.621677210148
7173.3 0.620500765051
7173.8 0.617630422517
7174.3 0.617943851766
7174.8 0.615348154206
7175.3 0.614208071259
7175.9 0.610927745795
7176.4 0.611639348842
7176.9 0.609772411391
7177.4 0.606484843892
7177.9 0.605263338296
7178.4 0.604542619033
7178.9 0.602555149713
7179.4 0.59977346046
7179.9 0.599744634253
7180.5 0.597019001829
7181.0 0.594049574964
7181.5 0.593775124913
7182.0 0.591147652395
7182.5 0.589135954889
7183.0 0.586771278068
7183.5 0.586094525276
7184.0 0.5824303568
7184.5 0.579199806826
7185.0 0.579535826441
7185.6 0.575375034362
7186.1 0.57293995876
7186.6 0.570215305633
7187.1 0.569064702054
7187.6 0.565534440268
7188.1 0.563665565536
7188.6 0.561396088461
7189.1 0.557747808112
7189.6 0.555343778586
7190.1 0.553738238045
7190.6 0.550303254614
7191.2 0.548089492323
7191.7 0.544617430944
7192.2 0.542679292593
7192.7 0.539835603504
7193.2 0.53610399582
7193.7 0.533391547871
7194.2 0.528635080972
7194.7 0.525622961999
7195.2 0.522857908336
7195.7 0.519055825874
7196.2 0.516078210518
7196.7 0.513114530295
7197.2 0.509437168977
7197.7 0.505095592782
7198.2 0.501303357329
7198.7 0.498102524072
7199.3 0.493081171425
7199.8 0.490874132341
7200.3 0.486213420993
7200.8 0.482428961508
7201.3 0.478637220325
7201.8 0.474026512919
7202.3 0.469501798821
7202.8 0.465037812298
7203.3 0.461546531126
7203.8 0.456693154956
7204.3 0.452533522717
7204.8 0.447842779251
7205.3 0.444609131401
7205.8 0.439755284219
7206.3 0.435924719279
7206.8 0.429946881397
7207.3 0.4259094175
7207.8 0.421091483849
7208.3 0.416543425366
7208.8 0.411831235705
7209.3 0.4068922649
7209.8 0.401903348487
7210.3 0.397223181134
7210.8 0.391713980089
7211.3 0.386685444082
7211.8 0.382607707221
7212.3 0.376729716679
7212.8 0.372239778037
7213.3 0.367158276937
7213.8 0.362825564828
7214.3 0.357168774868
7214.8 0.351639488907
7215.3 0.347667341276
7215.8 0.342832917725
7216.3 0.337608402876
7216.8 0.332466740933
7217.3 0.328200633915
7217.8 0.322655502375
7218.3 0.31697698793
7218.8 0.312580462871
7219.3 0.307557262045
7219.8 0.302541078831
7220.3 0.298388579616
7220.8 0.2928721894
7221.3 0.287888241156
7221.8 0.283325444366
7222.3 0.278509525291
7222.8 0.273499164037
7223.3 0.268940084142
7223.8 0.264941963333
7224.3 0.259473886626
7224.8 0.255253032823
7225.3 0.250851864937
7225.8 0.246100403927
7226.3 0.241954507418
7226.8 0.237807370359
7227.3 0.232984577003
7227.8 0.228602254244
7228.3 0.224828321396
7228.8 0.220418984223
7229.3 0.216236655766
7229.8 0.212209841693
7230.3 0.207775286756
7230.7 0.203338328454
7231.2 0.199942017574
7231.7 0.196287537131
7232.2 0.192234425731
7232.7 0.188589269827
7233.2 0.184898703526
7233.7 0.181589367861
7234.2 0.178019805574
7234.7 0.174268257007
7235.2 0.170926055227
7235.7 0.167254361846
7236.2 0.163670661177
7236.7 0.160268118794
7237.2 0.156926964545
7237.7 0.153985816216
7238.1 0.151048230893
7238.6 0.147943985818
7239.1 0.144847528393
7239.6 0.141928248912
7240.1 0.139297934934
7240.6 0.136220444141
7241.1 0.133425206913
7241.6 0.130427194769
7242.1 0.127984344374
7242.6 0.125002801482
7243.1 0.122484949725
7243.6 0.120086332354
7244.0 0.117407141879
7244.5 0.115364505038
7245.0 0.112603289409
7245.5 0.110280286138
7246.0 0.108377899817
7246.5 0.105862259848
7247.0 0.103695065801
7247.5 0.101613947263
7248.0 0.099225728155
7248.4 0.097272399894
7248.9 0.095348141084
7249.4 0.093534171202
7249.9 0.091591826405
7250.4 0.089419184872
7250.9 0.087797877742
7251.4 0.085979995556
7251.9 0.084452899902
7252.4 0.082615435027
7252.8 0.080788298257
7253.3 0.079167091334
7253.8 0.077551481443
7254.3 0.075913811729
7254.8 0.07450345284
7255.3 0.072899761874
7255.8 0.071457128005
7256.2 0.070075510794
7256.7 0.06858359881
7257.2 0.067246385388
7257.7 0.066039587248
7258.2 0.064628604935
7258.7 0.063323786784
7259.2 0.061527829676
7259.6 0.060718663391
7260.1 0.059587501063
7260.6 0.058156009701
7261.1 0.057171115203
7261.6 0.055993743613
7262.1 0.054634359848
7262.5 0.053749937649
7263.0 0.052799127105
7263.5 0.051862034044
7264.0 0.050618932194
7264.5 0.049628881308
7265.0 0.048608959454
7265.4 0.047668911805
7265.9 0.046760194718
7266.4 0.046154516484
7266.9 0.044967650033
7267.4 0.044262959015
7267.9 0.043422099887
7268.3 0.042463701002
7268.8 0.041748719845
7269.3 0.041003602397
7269.8 0.04028425524
7270.3 0.039329829943
7270.7 0.038631679035
7271.2 0.037722524097
7271.7 0.037111311443
7272.2 0.036424725737
7272.7 0.035803314646
7273.1 0.035164914909
7273.6 0.034430997307
7274.1 0.033737339808
7274.6 0.033285560854
7275.1 0.032585774964
7275.5 0.031970519391
7276.0 0.031464098388
7276.5 0.030756402913
7277.0 0.030228652072
7277.5 0.029674885425
7277.9 0.029173063715
7278.4 0.028670870263
7278.9 0.028089074159
7279.4 0.027694402263
7279.8 0.027189893716
7280.3 0.026688915221
7280.8 0.026229115871
7281.3 0.025717277863
7281.8 0.025216674606
7282.2 0.024754242866
7282.7 0.02432170003
7283.2 0.024013314988
7283.7 0.023484933558
7284.1 0.023088528064
7284.6 0.022646752572
7285.1 0.022277455639
7285.6 0.0219335771
7286.0 0.021624580241
7286.5 0.021134009419
7287.0 0.020909021243
7287.5 0.020417459432
7287.9 0.020030904353
7288.4 0.019775043028
7288.9 0.019402847874
7289.4 0.019087854226
7289.8 0.018799920887
7290.3 0.01838389517
7290.8 0.018188855959
7291.3 0.017796615358
7291.7 0.017556151365
7292.2 0.017287122764
7292.7 0.016997457002
7293.2 0.016643590494
7293.6 0.016324408367
7294.1 0.016111019136
7294.6 0.015857256126
7295.0 0.015579893407
7295.5 0.015415993731
7296.0 0.01508302532
7296.5 0.014844907806
7296.9 0.014609387538
7297.4 0.014377395906
7297.9 0.014169506795
7298.3 0.013922358178
7298.8 0.013791977338
7299.3 0.013453964854
7299.7 0.013312961094
7300.2 0.013043811549
7300.7 0.012738690291
7301.2 0.012664513146
7301.6 0.012422287873
7302.1 0.012287161534
7302.6 0.012184969844
7303.0 0.011929912447
7303.5 0.011694056358
7304.0 0.011527398594
7304.4 0.011260736775
7304.9 0.011175055009
7305.4 0.010917328672
7305.8 0.010849403031
7306.3 0.010643812572
7306.8 0.0104999191
7307.2 0.010279450411
7307.7 0.010203739506
7308.2 0.009973321205
7308.6 0.009928756652
7309.1 0.009722379997
7309.6 0.009527789033
7310.0 0.009390460685
7310.5 0.009294237919
7311.0 0.009201148112
7311.4 0.008978284066
7311.9 0.008850713998
7312.4 0.008720049062
7312.8 0.008634132825
7313.3 0.008564861262
7313.8 0.008398542875
7314.2 0.008324170649
7314.7 0.008185213447
7315.2 0.008113844957
7315.6 0.00795901102
7316.1 0.007856050552
7316.6 0.007736579211
7317.0 0.007635938678
7317.5 0.007460939479
7317.9 0.007366319706
7318.4 0.007261532705
7318.9 0.007221173864
7319.3 0.007055481992
7319.8 0.006956251942
7320.3 0.006940585011
7320.7 0.006814926002
7321.2 0.006665954082
7321.6 0.006557790993
7322.1 0.006534724559
7322.6 0.006411876539
7323.0 0.006289159335
7323.5 0.006147450527
7324.0 0.006227776785
7324.4 0.00601372054
7324.9 0.005970619553
7325.3 0.005865920485
7325.8 0.005781942532
7326.3 0.00573456748
7326.7 0.005668169866
7327.2 0.005644961309
7327.6 0.005535783938
7328.1 0.005400947239
7328.5 0.005316664865
7329.0 0.005323850355
7329.5 0.005219896603
7329.9 0.005190136866
7330.4 0.005064703748
7330.8 0.005006046188
7331.3 0.004943726514
7331.8 0.004899813735
7332.2 0.004792208608
7332.7 0.004824755133
7333.1 0.004660324241
7333.6 0.004647259465
7334.0 0.004625441461
7334.5 0.004588740659
7335.0 0.0044956948
7335.4 0.004467923537
7335.9 0.004277974441
7336.3 0.004323749298
7336.8 0.004249374303
7337.2 0.004228311958
7337.7 0.004119111833
7338.1 0.004006182358
7338.6 0.004085295426
7339.1 0.003976611511
7339.5 0.003995420896
7340.0 0.003895588842
7340.4 0.003848083369
7340.9 0.003760206328
7341.3 0.003767099019
7341.8 0.003767723936
7342.2 0.003677077816
7342.7 0.003587584836
7343.1 0.003572868716
7343.6 0.003554421171
7344.0 0.003522083505
7344.5 0.003426467727
7345.0 0.003365668771
7345.4 0.003359341661
7345.9 0.003290487517
7346.3 0.003289889023
7346.8 0.003276765872
7347.2 0.003245713554
7347.7 0.003242358455
7348.1 0.003109766664
7348.6 0.003140684536
7349.0 0.003028373268
7349.5 0.002987752003
7349.9 0.003059214358
7350.4 0.002985814504
7350.8 0.002905929158
7351.3 0.002863943
7351.7 0.002843474927
7352.2 0.002821461019
7352.6 0.002734549686
7353.1 0.00273558716
7353.5 0.002785386247
7354.0 0.002755337731
7354.4 0.002607322049
7354.9 0.002584362176
7355.3 0.002594613649
7355.8 0.002524684378
7356.2 0.00257405412
7356.6 0.002491617894
7357.1 0.002461297114
7357.5 0.002472975189
7358.0 0.002452614354
7358.4 0.002408128338
7358.9 0.002357683284
7359.3 0.002371497259
7359.8 0.00234570254
7360.2 0.002329192039
7360.7 0.002316196462
7361.1 0.002282399675
7361.6 0.00221659465
7362.0 0.002191098983
7362.4 0.002204443342
7362.9 0.002193357854
7363.3 0.00213093338
7363.8 0.002088605078
7364.2 0.002123258289
7364.7 0.002119284666
7365.1 0.002102567256
7365.6 0.002011973016
7366.0 0.001979172969
7366.4 0.002001988293
7366.9 0.001959694118
7367.3 0.001936842538
7367.8 0.001898819207
7368.2 0.001941031363
7368.7 0.0019157823
7369.1 0.001947101608
7369.5 0.001721801678
7370.0 0.001818606341
7370.4 0.001845905215
7370.9 0.001826585246
7371.3 0.001814394562
7371.8 0.001808556067
7372.2 0.001722613274
7372.6 0.001701923333
7373.1 0.001748094837
7373.5 0.001672575589
7374.0 0.001696528256
7374.4 0.001640874333
7374.8 0.001648316268
7375.3 0.001625012928
7375.7 0.001559454974
7376.2 0.0016030148
7376.6 0.001602425949
7377.0 0.001616008536
7377.5 0.001570517522
7377.9 0.001471220044
7378.3 0.001539119661
7378.8 0.001495771314
7379.2 0.001450804541
7379.7 0.001517009445
7380.1 0.001471340276
7380.5 0.001537560387
7381.0 0.001485260715
7381.4 0.001399484463
7381.8 0.001374840419
7382.3 0.001434649847
7382.7 0.001400569445
7383.2 0.001407047987
7383.6 0.001369200633
7384.0 0.001327820431
7384.5 0.001357654906
7384.9 0.001288687762
7385.3 0.001363353214
7385.8 0.001296022799
7386.2 0.00126598255
7386.6 0.001316818407
7387.1 0.0013103332
7387.5 0.001301515487
7387.9 0.001322164284
7388.4 0.00125227664
7388.8 0.001275282442
7389.2 0.001189407114
7389.7 0.001279786435
7390.1 0.001259900532
7390.5 0.001195487147
7391.0 0.001240140219
7391.4 0.001226857877
7391.8 0.001205333043
7392.3 0.001178563446
7392.7 0.001225985012
7393.1 0.001208877196
7393.6 0.001208451515
7394.0 0.001164279865
7394.4 0.00121662044
