5497.6 0.000961489545
5498.3 0.000966496973
5499.0 0.00100852084
5499.7 0.000998137262
5500.4 0.000944107308
5501.2 0.001006673018
5501.9 0.001042680803
5502.6 0.000965821161
5503.3 0.000973844471
5504.0 0.001000046992
5504.7 0.000999801331
5505.4 0.000971653566
5506.1 0.00096774977
5506.9 0.001031238128
5507.6 0.00099410295
5508.3 0.001001170099
5509.0 0.000973229849
5509.7 0.001022793902
5510.4 0.000992496301
5511.1 0.001007144585
5511.8 0.000997804418
5512.5 0.001006991445
5513.3 0.001045835347
5514.0 0.001007153808
5514.7 0.00107627238
5515.4 0.001062677197
5516.1 0.001051931122
5516.8 0.001045323334
5517.5 0.000968469687
5518.2 0.001049675828
5518.9 0.001061714325
5519.6 0.001034714529
5520.4 0.001083691483
5521.1 0.001074555346
5521.8 0.001126576322
5522.5 0.001093911353
5523.2 0.001147115435
5523.9 0.001047875583
5524.6 0.001087670713
5525.3 0.001124635169
5526.0 0.00115829504
5526.7 0.001113178603
5527.5 0.001135364381
5528.2 0.001126945843
5528.9 0.001142983282
5529.6 0.001157354236
5530.3 0.001203256653
5531.0 0.001186796018
5531.7 0.001204236013
5532.4 0.001174623174
5533.1 0.001202681053
5533.8 0.001203194646
5534.5 0.001244413815
5535.3 0.001151477686
5536.0 0.001236264327
5536.7 0.001257009595
5537.4 0.001282709645
5538.1 0.001310300983
5538.8 0.001243246269
5539.5 0.001305655809
5540.2 0.001329214607
5540.9 0.001373489068
5541.6 0.001321996249
5542.3 0.001345602325
5543.0 0.001399330349
5543.8 0.001372292118
5544.5 0.001443191081
5545.2 0.001427667653
5545.9 0.001462532537
5546.6 0.001473143951
5547.3 0.001476691163
5548.0 0.001486360935
5548.7 0.001547880571
5549.4 0.001514494078
5550.1 0.001545863095
5550.8 0.001592522345
5551.5 0.00160362451
5552.2 0.001591880213
5552.9 0.001638778717
5553.7 0.001716527315
5554.4 0.001689457714
5555.1 0.001737518853
5555.8 0.001691131648
5556.5 0.001757329622
5557.2 0.001821417176
5557.9 0.00176304538
5558.6 0.001866522145
5559.3 0.001878348767
5560.0 0.001934421951
5560.7 0.00197818829
5561.4 0.001980747985
5562.1 0.001999342116
5562.8 0.002062248473
5563.5 0.002045828193
5564.2 0.002102206066
5565.0 0.002219575522
5565.7 0.002292868587
5566.4 0.002292661707
5567.1 0.002396580033
5567.8 0.002427695312
5568.5 0.002374692588
5569.2 0.002465849283
5569.9 0.002562626447
5570.6 0.002596256794
5571.3 0.002702473221
5572.0 0.002709794187
5572.7 0.002797681935
5573.4 0.002827148154
5574.1 0.002937417998
5574.8 0.002993506014
5575.5 0.003114615031
5576.2 0.003188844705
5576.9 0.003265195545
5577.6 0.003386072988
5578.3 0.003461483632
5579.0 0.003567286159
5579.7 0.003640784917
5580.4 0.003722286411
5581.2 0.003887416101
5581.9 0.003983522262
5582.6 0.004095774713
5583.3 0.00429021969
5584.0 0.004402436435
5584.7 0.004459188757
5585.4 0.004729576291
5586.1 0.0048326892
5586.8 0.004982377113
5587.5 0.005203676225
5588.2 0.005333326184
5588.9 0.005560665991
5589.6 0.005730147792
5590.3 0.005932614103
5591.0 0.006129658277
5591.7 0.006407522443
5592.4 0.006644566547
5593.1 0.006902280892
5593.8 0.007133901659
5594.5 0.00745157048
5595.2 0.007779595392
5595.9 0.008020123975
5596.6 0.008319245249
5597.3 0.008611750541
5598.0 0.008899289959
5598.7 0.009372941894
5599.4 0.009768458415
5600.1 0.010129986345
5600.8 0.010509663214
5601.5 0.011032515376
5602.2 0.011508652498
5602.9 0.012000547719
5603.6 0.012528866553
5604.3 0.013064101257
5605.0 0.013631570095
5605.7 0.014273668999
5606.4 0.014996808982
5607.1 0.015620228041
5607.8 0.016270832786
5608.5 0.017159849202
5609.2 0.018058162725
5609.9 0.018965854755
5610.6 0.019776015026
5611.3 0.020620922989
5612.0 0.02168240377
5612.7 0.022814796298
5613.4 0.023980068417
5614.1 0.025142299834
5614.8 0.026381800837
5615.5 0.027888066511
5616.2 0.02936015032
5616.9 0.030868149281
5617.6 0.0325485146
5618.3 0.034161299105
5619.0 0.035848678954
5619.7 0.037871578297
5620.4 0.040022464007
5621.1 0.041953121464
5621.8 0.044178607044
5622.5 0.046753116223
5623.2 0.049248005359
5623.9 0.051842144208
5624.6 0.054831902849
5625.3 0.057943918656
5626.0 0.061046564321
5626.7 0.06446199315
5627.4 0.067978664508
5628.1 0.071678127591
5628.8 0.075716402681
5629.5 0.079914051203
5630.2 0.084262118718
5630.9 0.089170658565
5631.6 0.093837477352
5632.3 0.098881913399
5633.0 0.104402317441
5633.7 0.110324792715
5634.4 0.116391047276
5635.1 0.122336078562
5635.8 0.128778396581
5636.5 0.135635628272
5637.1 0.142811959185
5637.8 0.150658985292
5638.5 0.158473407962
5639.2 0.166354334239
5639.9 0.17460279128
5640.6 0.182935567369
5641.3 0.192868097208
5642.0 0.201908587253
5642.7 0.211008729937
5643.4 0.221341883319
5644.1 0.232256379148
5644.8 0.242861530698
5645.5 0.252847425109
5646.2 0.264699307527
5646.9 0.276093456367
5647.6 0.288185857656
5648.3 0.299893696539
5649.0 0.312871854244
5649.7 0.324885137381
5650.4 0.337641378926
5651.1 0.350938938427
5651.8 0.364255759837
5652.4 0.377943725399
5653.1 0.390751620834
5653.8 0.403892917381
5654.5 0.417819303926
5655.2 0.430186082299
5655.9 0.443520997721
5656.6 0.456716200793
5657.3 0.469951623295
5658.0 0.483073523442
5658.7 0.495900544097
5659.4 0.506763813064
5660.1 0.519082509456
5660.8 0.529481287642
5661.5 0.541579779661
5662.2 0.550058379197
5662.9 0.560633833843
5663.5 0.569660626249
5664.2 0.577318970703
5664.9 0.58831296278
5665.6 0.594493013987
5666.3 0.602158996923
5667.0 0.607166003195
5667.7 0.613152679642
5668.4 0.618484044507
5669.1 0.622353628768
5669.8 0.626776308049
5670.5 0.630316726492
5671.2 0.63387511865
5671.8 0.634263272875
5672.5 0.636795706587
5673.2 0.639874302355
5673.9 0.640477735576
5674.6 0.641168122718
5675.3 0.642830800772
5676.0 0.643683836942
5676.7 0.643576479282
5677.4 0.643882061183
5678.1 0.644470651894
5678.8 0.645464241172
5679.5 0.646034372129
5680.1 0.643106647935
5680.8 0.643890659776
5681.5 0.643342263751
5682.2 0.641626765814
5682.9 0.641740190444
5683.6 0.642039805462
5684.3 0.640442219195
5685.0 0.640040607356
5685.7 0.640950343476
5686.4 0.640816781179
5687.0 0.638665259764
5687.7 0.639620976788
5688.4 0.639448965672
5689.1 0.635874054016
5689.8 0.640038219654
5690.5 0.63827972842
5691.2 0.63721723021
5691.9 0.639448976918
5692.6 0.639688516285
5693.2 0.640435369892
5693.9 0.638703883899
5694.6 0.63885504262
5695.3 0.641267304758
5696.0 0.643191911049
5696.7 0.642894064687
5697.4 0.644223794463
5698.1 0.643978239222
5698.7 0.644320468769
5699.4 0.64493236922
5700.1 0.645436524756
5700.8 0.646363756199
5701.5 0.649565157835
5702.2 0.650407468043
5702.9 0.652237676045
5703.6 0.652583876185
5704.2 0.654562694221
5704.9 0.656484810032
5705.6 0.657988259456
5706.3 0.660118686007
5707.0 0.658921758345
5707.7 0.661771687184
5708.4 0.663844298844
5709.1 0.663296754244
5709.7 0.666662000177
5710.4 0.670018252909
5711.1 0.669535149937
5711.8 0.671375351549
5712.5 0.673369527208
5713.2 0.674840186322
5713.9 0.677949828129
5714.5 0.678699194917
5715.2 0.682480653105
5715.9 0.684367947171
5716.6 0.685619124266
5717.3 0.68789333782
5718.0 0.688421836853
5718.7 0.689835509533
5719.3 0.691296254108
5720.0 0.693852382772
5720.7 0.692463187694
5721.4 0.696951300576
5722.1 0.698653635176
5722.8 0.701451240441
5723.4 0.702219229725
5724.1 0.703073246433
5724.8 0.704494525422
5725.5 0.707951434818
5726.2 0.707212385767
5726.9 0.710474736702
5727.5 0.712404874062
5728.2 0.712254553885
5728.9 0.715883613607
5729.6 0.714830045459
5730.3 0.715769335124
5731.0 0.717343731301
5731.6 0.719130560576
5732.3 0.719656392847
5733.0 0.723511642588
5733.7 0.721929000705
5734.4 0.721503386633
5735.1 0.724980708283
5735.7 0.726471728531
5736.4 0.725336528491
5737.1 0.727582919574
5737.8 0.73026576392
5738.5 0.729625944842
5739.1 0.729389798373
5739.8 0.730549513722
5740.5 0.731664812443
5741.2 0.734036848447
5741.9 0.733780466715
5742.6 0.733118719431
5743.2 0.734690623261
5743.9 0.732074785565
5744.6 0.73567538525
5745.3 0.736190727917
5746.0 0.736054791494
5746.6 0.736715620942
5747.3 0.736621532242
5748.0 0.737210856328
5748.7 0.738314586685
5749.4 0.738215912563
5750.0 0.737222127336
5750.7 0.736840992484
5751.4 0.739386363404
5752.1 0.737817970759
5752.8 0.739001051463
5753.4 0.738594312419
5754.1 0.736900835334
5754.8 0.739699034208
5755.5 0.738965969801
5756.2 0.738570302154
5756.8 0.739424273635
5757.5 0.738557436246
5758.2 0.738017610291
5758.9 0.736760491714
5759.5 0.73863603873
5760.2 0.738628028888
5760.9 0.739258979325
5761.6 0.736918056179
5762.3 0.736852080628
5762.9 0.735204300502
5763.6 0.738911719973
5764.3 0.735662756663
5765.0 0.736945660725
5765.6 0.737979948348
5766.3 0.737430935382
5767.0 0.73768639817
5767.7 0.734273550623
5768.4 0.734322811661
5769.0 0.735585072976
5769.7 0.735933748141
5770.4 0.736208321908
5771.1 0.734224174489
5771.7 0.734820565426
5772.4 0.737039719952
5773.1 0.735942909354
5773.8 0.734845450118
5774.4 0.732434563012
5775.1 0.734030019859
5775.8 0.734643063631
5776.5 0.733346081806
5777.1 0.734873285773
5777.8 0.731966247227
5778.5 0.733979899566
5779.2 0.733968856166
5779.8 0.730226290939
5780.5 0.731825355996
5781.2 0.731969760593
5781.9 0.730679311447
5782.5 0.733967752182
5783.2 0.731805641744
5783.9 0.731094569283
5784.6 0.732172951518
5785.2 0.732916570036
5785.9 0.732571614501
5786.6 0.730286919831
5787.3 0.73069790314
5787.9 0.732346333839
5788.6 0.73062703792
5789.3 0.731425210466
5790.0 0.729666789783
5790.6 0.731767119949
5791.3 0.730996507103
5792.0 0.731763537201
5792.6 0.730326254299
5793.3 0.731451426354
5794.0 0.730258381532
5794.7 0.731270452701
5795.3 0.72982833331
5796.0 0.730095731011
5796.7 0.731977250889
5797.3 0.730851461183
5798.0 0.730278853226
5798.7 0.73053114478
5799.4 0.730077824696
5800.0 0.730644613367
5800.7 0.730535343743
5801.4 0.728799986643
5802.0 0.730935400084
5802.7 0.731762842644
5803.4 0.730316097838
5804.1 0.730272176754
5804.7 0.731109196655
5805.4 0.730798150982
5806.1 0.730837690809
5806.7 0.731519557412
5807.4 0.73071103386
5808.1 0.731106697078
5808.8 0.729948421375
5809.4 0.730315435793
5810.1 0.73139687697
5810.8 0.732520669482
5811.4 0.732736360016
5812.1 0.730588593868
5812.8 0.731727842921
5813.4 0.731105500596
5814.1 0.730861086628
5814.8 0.730669701587
5815.4 0.73016504463
5816.1 0.731307964886
5816.8 0.731234051952
5817.5 0.731246408735
5818.1 0.731355799846
5818.8 0.730721322027
5819.5 0.731571473215
5820.1 0.731939111485
5820.8 0.73134990271
5821.5 0.73024527112
5822.1 0.732586195478
5822.8 0.732479057218
5823.5 0.730876667818
5824.1 0.733927359075
5824.8 0.731373908178
5825.5 0.73193521223
5826.1 0.728809594234
5826.8 0.733264166805
5827.5 0.732736359727
5828.1 0.731797162914
5828.8 0.731488411275
5829.5 0.733147963107
5830.1 0.733217351369
5830.8 0.730236451783
5831.5 0.732083683432
5832.1 0.730914996719
5832.8 0.733183530758
5833.5 0.732184989416
5834.1 0.734270686941
5834.8 0.733245603001
5835.5 0.733168661982
5836.1 0.731295952452
5836.8 0.730365555289
5837.4 0.731984603047
5838.1 0.73103498494
5838.8 0.732257592788
5839.4 0.732231790143
5840.1 0.731407066451
5840.8 0.731153507248
5841.4 0.731210993343
5842.1 0.732030579215
5842.8 0.73222133833
5843.4 0.731971576247
5844.1 0.730302683492
5844.8 0.73046939473
5845.4 0.730726874366
5846.1 0.733877878205
5846.7 0.729907306594
5847.4 0.732032354475
5848.1 0.730704681822
5848.7 0.731009383933
5849.4 0.73017685032
5850.1 0.731365597009
5850.7 0.73072018955
5851.4 0.731197359568
5852.0 0.730842549411
5852.7 0.732224180359
5853.4 0.731027468219
5854.0 0.731877770407
5854.7 0.732380599361
5855.3 0.730147564411
5856.0 0.732148059833
5856.7 0.732433869187
5857.3 0.730016575386
5858.0 0.730850044202
5858.7 0.729578751276
5859.3 0.732287341001
5860.0 0.732388633159
5860.6 0.731516337077
5861.3 0.731078039651
5862.0 0.731382270307
5862.6 0.731115776236
5863.3 0.732531171489
5863.9 0.731379050972
5864.6 0.731642226757
5865.3 0.731161735626
5865.9 0.733318939503
5866.6 0.731914061739
5867.2 0.732262516752
5867.9 0.732278482975
5868.6 0.733576359605
5869.2 0.732751911184
5869.9 0.732801256285
5870.5 0.732039113866
5871.2 0.732391149338
5871.8 0.732224534984
5872.5 0.732606939902
5873.2 0.732897219234
5873.8 0.733279768518
5874.5 0.734659164216
5875.1 0.732655227497
5875.8 0.733329649916
5876.4 0.732805143395
5877.1 0.732767853081
5877.8 0.733579388607
5878.4 0.72978219481
5879.1 0.7353421676
5879.7 0.735163542085
5880.4 0.732162189047
5881.0 0.73210625035
5881.7 0.733029434044
5882.4 0.733461079889
5883.0 0.73399052665
5883.7 0.732727929632
5884.3 0.733129753157
5885.0 0.734869217229
5885.6 0.735077907669
5886.3 0.736503651028
5886.9 0.737218278294
5887.6 0.732437607508
5888.3 0.727832400667
5888.9 0.728730424361
5889.6 0.733707031932
5890.2 0.73586969853
5890.9 0.734643540922
5891.5 0.734090543297
5892.2 0.733883118467
5892.8 0.733469625407
5893.5 0.732869873315
5894.1 0.73704311061
5894.8 0.737914397833
5895.5 0.738710664325
5896.1 0.742007572066
5896.8 0.742502967496
5897.4 0.740840692647
5898.1 0.737855431401
5898.7 0.74077890086
5899.4 0.739184059858
5900.0 0.738773472679
5900.7 0.739650713093
5901.3 0.740503662787
5902.0 0.736080771717
5902.6 0.738022633788
5903.3 0.738932879341
5903.9 0.744415646977
5904.6 0.742893903632
5905.2 0.74525944727
5905.9 0.747214436548
5906.5 0.746795073178
5907.2 0.746270875064
5907.8 0.749086721102
5908.5 0.749367597272
5909.1 0.747313639738
5909.8 0.746761105619
5910.4 0.746055725858
5911.1 0.745795737137
5911.7 0.743400315317
5912.4 0.747730415348
5913.0 0.751994056986
5913.7 0.749438650641
5914.3 0.74956876767
5915.0 0.750642472525
5915.6 0.7515720806
5916.3 0.752214119773
5916.9 0.748358787871
5917.6 0.750359085204
5918.2 0.753581285022
5918.9 0.754933791707
5919.5 0.75078200309
5920.2 0.744262233883
5920.8 0.739670772388
5921.5 0.745109243065
5922.1 0.753680843704
5922.8 0.756354695139
5923.4 0.754656114948
5924.1 0.749851348133
5924.7 0.75016526607
5925.4 0.748634626318
5926.0 0.748865577787
5926.7 0.7527726953
5927.3 0.754773858419
5928.0 0.758763123587
5928.6 0.757900759214
5929.2 0.758111699026
5929.9 0.753555584886
5930.5 0.756002572321
5931.2 0.75833636913
5931.8 0.758138042819
5932.5 0.758222889885
5933.1 0.757803605728
5933.8 0.748865188301
5934.4 0.752895823515
5935.1 0.757837601309
5935.7 0.756857498073
5936.4 0.758865402344
5937.0 0.757150961103
5937.6 0.759129549345
5938.3 0.760243957444
5938.9 0.759507988434
5939.6 0.759326531539
5940.2 0.756556407021
5940.9 0.760863877621
5941.5 0.757160923662
5942.1 0.751685838855
5942.8 0.746467723934
5943.4 0.742903923522
5944.1 0.74544857892
5944.7 0.756890089969
5945.4 0.757154475106
5946.0 0.752279787679
5946.7 0.753611835212
5947.3 0.751160361658
5947.9 0.750031434226
5948.6 0.751143002823
5949.2 0.751560339668
5949.9 0.756141179966
5950.5 0.752538326218
5951.1 0.751409771289
5951.8 0.756082152424
5952.4 0.756262682971
5953.1 0.756324358234
5953.7 0.758608819311
5954.4 0.760493028105
5955.0 0.758651246543
5955.6 0.759329211472
5956.3 0.756928545579
5956.9 0.757772108614
5957.6 0.755171770857
5958.2 0.754633422761
5958.8 0.756611292756
5959.5 0.751455154845
5960.1 0.748395958001
5960.8 0.754114279698
5961.4 0.754315960545
5962.0 0.756823101414
5962.7 0.757690812677
5963.3 0.757522439442
5964.0 0.756232398378
5964.6 0.756121351889
5965.2 0.756228569666
5965.9 0.758073464062
5966.5 0.757289119724
5967.1 0.756825736905
5967.8 0.751708948477
5968.4 0.752582407336
5969.1 0.752943362958
5969.7 0.749667766885
5970.3 0.752140651019
5971.0 0.755418716903
5971.6 0.754391399853
5972.2 0.752249968761
5972.9 0.755039665062
5973.5 0.755215724245
5974.2 0.758689233039
5974.8 0.755684027489
5975.4 0.755906217359
5976.1 0.756514951496
5976.7 0.753984073411
5977.3 0.753829198637
5978.0 0.755179613536
5978.6 0.750137585066
5979.2 0.750740834102
5979.9 0.752682252196
5980.5 0.755877883618
5981.1 0.755743414781
5981.8 0.755479253153
5982.4 0.755694964291
5983.1 0.75445014843
5983.7 0.754857147485
5984.3 0.755617336034
5985.0 0.755348725437
5985.6 0.756152951366
5986.2 0.753888430134
5986.9 0.752688427246
5987.5 0.755582178746
5988.1 0.754542894073
5988.8 0.755760412954
5989.4 0.754587343047
5990.0 0.754173078819
5990.7 0.75519346288
5991.3 0.754706238217
5991.9 0.754178585228
5992.6 0.755390863495
5993.2 0.755244660657
5993.8 0.755098461442
5994.5 0.755697976599
5995.1 0.754649480098
5995.7 0.754239328288
5996.3 0.755929190589
5997.0 0.756723011996
5997.6 0.757712980927
5998.2 0.755674107663
5998.9 0.757136065628
5999.5 0.754758568416
6000.1 0.756726639936
6000.8 0.755333322496
6001.4 0.753626409512
6002.0 0.755923104293
6002.7 0.756001567797
6003.3 0.755470674282
6003.9 0.754957979928
6004.5 0.755379870075
6005.2 0.755695704504
6005.8 0.755477077769
6006.4 0.75493503261
6007.1 0.756304602371
6007.7 0.754610467525
6008.3 0.757007890967
6008.9 0.756214806041
6009.6 0.757199797409
6010.2 0.754632426503
6010.8 0.755192958731
6011.5 0.753651980137
6012.1 0.755048188521
6012.7 0.755272452424
6013.3 0.756705861822
6014.0 0.755741646277
6014.6 0.754642889536
6015.2 0.758569970384
6015.8 0.755287145386
6016.5 0.755602753282
6017.1 0.755810460738
6017.7 0.754359947409
6018.4 0.754849990633
6019.0 0.755756881891
6019.6 0.755037440345
6020.2 0.755107835169
6020.9 0.755365480642
6021.5 0.756356667605
6022.1 0.754049163967
6022.7 0.754317227937
6023.4 0.754329117788
6024.0 0.757008368192
6024.6 0.754526955929
6025.2 0.753799564618
6025.9 0.753330120471
6026.5 0.751244135857
6027.1 0.75461898433
6027.7 0.752847492063
6028.4 0.752794561103
6029.0 0.751992123335
6029.6 0.751485381761
6030.2 0.752664395077
6030.8 0.754710353647
6031.5 0.751833016443
6032.1 0.752373117495
6032.7 0.750756609983
6033.3 0.750533638557
6034.0 0.749699478734
6034.6 0.751090473275
6035.2 0.751030823763
6035.8 0.749297280685
6036.5 0.749687638681
6037.1 0.750671128895
6037.7 0.750025289022
6038.3 0.749825536471
6038.9 0.749162186926
6039.6 0.75157287889
6040.2 0.749042256297
6040.8 0.748827366025
6041.4 0.747412802556
6042.0 0.745930997487
6042.7 0.747018399858
6043.3 0.748215313273
6043.9 0.749034934777
6044.5 0.746724049204
6045.1 0.747151475865
6045.8 0.742961415086
6046.4 0.743679957295
6047.0 0.745550158092
6047.6 0.746101581512
6048.2 0.745159845857
6048.9 0.743481784803
6049.5 0.742875569886
6050.1 0.743314002503
6050.7 0.742804456059
6051.3 0.74398292808
6051.9 0.74215050832
6052.6 0.742743732505
6053.2 0.741424140349
6053.8 0.742659952159
6054.4 0.741612814623
6055.0 0.7407020011
6055.7 0.741372316991
6056.3 0.740232394479
6056.9 0.740900098085
6057.5 0.739644338947
6058.1 0.739165392216
6058.7 0.740521607159
6059.4 0.739419561468
6060.0 0.738872787727
6060.6 0.737995809773
6061.2 0.738718842237
6061.8 0.740031713297
6062.4 0.738715628654
6063.0 0.736340428504
6063.7 0.737091174519
6064.3 0.736118780385
6064.9 0.735416757033
6065.5 0.736750652935
6066.1 0.734231273018
6066.7 0.734465134987
6067.3 0.737517914749
6068.0 0.733024023154
6068.6 0.736056294291
6069.2 0.73524344725
6069.8 0.735701651418
6070.4 0.734135261848
6071.0 0.734854603943
6071.6 0.733945546534
6072.3 0.734435103317
6072.9 0.735079009747
6073.5 0.733875581539
6074.1 0.734346880784
6074.7 0.733595512161
6075.3 0.734561391766
6075.9 0.732697140941
6076.5 0.734031543547
6077.1 0.731425950187
6077.8 0.731405050696
6078.4 0.732211608458
6079.0 0.73191199617
6079.6 0.734319448946
6080.2 0.731178133198
6080.8 0.731414189412
6081.4 0.731872987084
6082.0 0.731394729423
6082.6 0.731334387567
6083.3 0.732264433863
6083.9 0.732380646821
6084.5 0.732310499323
6085.1 0.730657996936
6085.7 0.734971887524
6086.3 0.733342094218
6086.9 0.731807192915
6087.5 0.729347885238
6088.1 0.734507067003
6088.7 0.732544156244
6089.3 0.732585597488
6090.0 0.731423703672
6090.6 0.733619778415
6091.2 0.733964535978
6091.8 0.732362055696
6092.4 0.733451288949
6093.0 0.73220811395
6093.6 0.733573185505
6094.2 0.73191767808
6094.8 0.733013820558
6095.4 0.734020542536
6096.0 0.730355568525
6096.6 0.733278581037
6097.2 0.733138468942
6097.8 0.732962378914
6098.5 0.733538373853
6099.1 0.734144042219
6099.7 0.735359064843
6100.3 0.734119622013
6100.9 0.735893827624
6101.5 0.734917446493
6102.1 0.735699265596
6102.7 0.734782296119
6103.3 0.736800467799
6103.9 0.735310333437
6104.5 0.73557761727
6105.1 0.736451234467
6105.7 0.736196620037
6106.3 0.736794056102
6106.9 0.736075464768
6107.5 0.737220986954
6108.1 0.738150273936
6108.7 0.737455298996
6109.3 0.73736120452
6109.9 0.740684026764
6110.5 0.738123598559
6111.1 0.739374171847
6111.7 0.737602851051
6112.3 0.739867049246
6112.9 0.740931114488
6113.5 0.73989918115
6114.1 0.740870311948
6114.7 0.742135333691
6115.3 0.742566617992
6115.9 0.740346696798
6116.6 0.741738636928
6117.2 0.741900425479
6117.8 0.741156599179
6118.4 0.742834590773
6119.0 0.742450887314
6119.6 0.743144467447
6120.2 0.74456987135
6120.8 0.74479880698
6121.4 0.743270296616
6122.0 0.744207971795
6122.6 0.74442062962
6123.1 0.742350991
6123.7 0.743395352066
6124.3 0.746245993477
6124.9 0.744577634289
6125.5 0.745674599701
6126.1 0.746951103515
6126.7 0.747528610334
6127.3 0.748779039292
6127.9 0.751275778292
6128.6 0.750365102367
6129.3 0.75197086484
6129.9 0.751104734676
6130.6 0.751856140602
6131.2 0.752200796795
6131.9 0.75257337392
6132.6 0.753225295329
6133.2 0.754702958825
6133.9 0.753117253654
6134.5 0.754275450064
6135.2 0.752958975362
6135.8 0.754831728722
6136.5 0.754123571363
6137.1 0.754218459415
6137.8 0.756218617811
6138.5 0.755576607189
6139.1 0.755906952333
6139.8 0.756281208257
6140.4 0.757446581333
6141.1 0.756330609943
6141.7 0.758418627295
6142.4 0.757285844925
6143.1 0.758403701435
6143.7 0.756338431294
6144.4 0.756960101802
6145.0 0.757181708369
6145.7 0.760166063193
6146.3 0.75810151745
6147.0 0.757360294251
6147.6 0.757588828104
6148.3 0.761674519876
6149.0 0.759326113959
6149.6 0.760270887185
6150.3 0.762302236698
6150.9 0.760004410901
6151.6 0.758897655357
6152.2 0.759227244613
6152.9 0.762663730204
6153.5 0.760495608968
6154.2 0.759859918268
6154.8 0.761133846319
6155.5 0.762991827263
6156.2 0.763213418156
6156.8 0.763505295871
6157.5 0.762940189748
6158.1 0.763412725608
6158.8 0.763592318366
6159.4 0.761742388214
6160.1 0.762703158338
6160.7 0.762186902115
6161.4 0.76354259592
6162.0 0.76357550505
6162.7 0.763454901967
6163.3 0.763708437314
6164.0 0.764744309559
6164.6 0.764414969458
6165.3 0.761473216071
6165.9 0.764041574164
6166.6 0.763809651215
6167.3 0.763951516992
6167.9 0.764123037463
6168.6 0.764542226172
6169.2 0.764331183243
6169.9 0.764197181864
6170.5 0.764544683907
6171.2 0.764441915072
6171.8 0.763867472542
6172.5 0.763720177381
6173.1 0.763762752676
6173.8 0.764726783203
6174.4 0.76571398684
6175.1 0.764950521392
6175.7 0.765305082148
6176.4 0.765094585233
6177.0 0.76572708996
6177.7 0.765566517221
6178.3 0.764416684141
6179.0 0.764738640904
6179.6 0.7636519699
6180.3 0.764488965748
6180.9 0.765433614901
6181.6 0.76549577139
6182.2 0.765013250539
6182.9 0.764322939238
6183.5 0.761055052255
6184.2 0.764351208484
6184.8 0.763489014977
6185.5 0.763319578994
6186.1 0.764679029978
6186.8 0.764617109685
6187.4 0.765865755577
6188.1 0.764057681984
6188.7 0.762287799423
6189.4 0.765458517212
6190.0 0.763189276861
6190.7 0.763649675434
6191.3 0.764904958127
6192.0 0.762657840543
6192.6 0.762465412717
6193.3 0.761675205312
6193.9 0.761135255916
6194.6 0.76038803174
6195.2 0.761349570413
6195.9 0.763572919868
6196.5 0.762539015737
6197.2 0.761550583044
6197.8 0.761195169111
6198.5 0.762067971294
6199.1 0.761961429812
6199.8 0.761695721342
6200.4 0.760840621901
6201.1 0.761497077225
6201.7 0.760508982963
6202.3 0.759450272252
6203.0 0.759558304791
6203.6 0.760594717712
6204.3 0.760241195628
6204.9 0.761057404575
6205.6 0.758485271387
6206.2 0.759704142039
6206.9 0.758633188635
6207.5 0.758111919616
6208.2 0.755807770576
6208.8 0.757792548785
6209.5 0.756847614408
6210.1 0.758859382881
6210.8 0.758887122001
6211.4 0.756795260945
6212.0 0.755450478209
6212.7 0.758141904183
6213.3 0.756631629981
6214.0 0.756889133077
6214.6 0.75554860662
6215.3 0.756140617104
6215.9 0.753678298485
6216.6 0.754685270819
6217.2 0.752233712409
6217.9 0.750757674763
6218.5 0.753103663198
6219.1 0.753436099918
6219.8 0.751990094651
6220.4 0.753241786257
6221.1 0.753050752967
6221.7 0.749192720768
6222.4 0.752611032835
6223.0 0.74746525319
6223.7 0.75031914017
6224.3 0.749375479067
6224.9 0.748046139387
6225.6 0.748815306961
6226.2 0.74829759649
6226.9 0.748928570262
6227.5 0.748897229159
6228.2 0.747626151141
6228.8 0.747183517464
6229.4 0.746752381494
6230.1 0.745083965282
6230.7 0.745822897656
6231.4 0.743622324158
6232.0 0.745664503386
6232.7 0.742777936637
6233.3 0.742358850927
6233.9 0.741487602201
6234.6 0.742790167678
6235.2 0.743475869348
6235.9 0.743381858923
6236.5 0.741615301757
6237.2 0.742137085004
6237.8 0.739414262827
6238.4 0.739627514867
6239.1 0.739156247092
6239.7 0.739732423098
6240.4 0.738135713616
6241.0 0.736477441433
6241.6 0.740075424183
6242.3 0.738777252762
6242.9 0.738349160843
6243.6 0.735592527947
6244.2 0.736215033017
6244.9 0.735589548407
6245.5 0.733609336473
6246.1 0.735255710949
6246.8 0.73440274602
6247.4 0.734754710525
6248.1 0.733612825475
6248.7 0.731628749481
6249.3 0.731449774055
6250.0 0.730218411204
6250.6 0.731350879422
6251.3 0.729156174552
6251.9 0.728669764677
6252.5 0.732273588808
6253.2 0.731677133583
6253.8 0.729450778062
6254.5 0.729390034468
6255.1 0.726154718279
6255.7 0.727207309329
6256.4 0.726664955775
6257.0 0.726477764475
6257.6 0.725796834022
6258.3 0.726426976647
6258.9 0.725826495634
6259.6 0.723672807941
6260.2 0.723987070598
6260.8 0.724634360816
6261.5 0.724444779616
6262.1 0.722422946766
6262.7 0.723922245524
6263.4 0.722273793004
6264.0 0.721655837635
6264.7 0.721053985573
6265.3 0.721432181518
6265.9 0.72055073746
6266.6 0.719660980359
6267.2 0.720279784486
6267.8 0.719962511051
6268.5 0.719429675905
6269.1 0.719247541156
6269.8 0.717307310439
6270.4 0.720773763442
6271.0 0.716834279788
6271.7 0.719727476167
6272.3 0.720673870695
6272.9 0.719054237992
6273.6 0.716569673528
6274.2 0.714297892643
6274.8 0.717024475139
6275.5 0.717272146033
6276.1 0.716191638309
6276.8 0.717036215636
6277.4 0.717750897042
6278.0 0.715584228203
6278.7 0.674787167214
6279.3 0.667324523665
6279.9 0.676987459965
6280.6 0.678800614209
6281.2 0.682798279671
6281.8 0.682518609136
6282.5 0.691583607521
6283.1 0.698797185981
6283.7 0.693956236432
6284.4 0.699490024254
6285.0 0.710417483157
6285.6 0.706538811678
6286.3 0.706826354603
6286.9 0.713747236911
6287.5 0.714684848696
6288.2 0.71283489862
6288.8 0.710766579798
6289.4 0.708251409767
6290.1 0.711511426256
6290.7 0.706212295595
6291.3 0.702303738271
6292.0 0.701591706748
6292.6 0.709538506009
6293.2 0.711130178156
6293.9 0.701517707441
6294.5 0.699021135012
6295.1 0.698712055507
6295.8 0.711997163425
6296.4 0.708062622419
6297.0 0.699409795246
6297.7 0.698429008141
6298.3 0.702790920735
6298.9 0.712250196394
6299.6 0.706793022756
6300.2 0.701519819084
6300.8 0.699488626422
6301.4 0.706464618178
6302.1 0.716391579971
6302.7 0.716499148919
6303.3 0.712492568554
6304.0 0.6989684843
6304.6 0.703662133504
6305.2 0.711054048029
6305.9 0.718372805165
6306.5 0.715987771711
6307.1 0.713726812928
6307.7 0.707442147096
6308.4 0.70704624402
6309.0 0.719284636005
6309.6 0.720891216709
6310.3 0.721407769143
6310.9 0.720601386004
6311.5 0.713575254765
6312.2 0.709758838309
6312.8 0.717262131621
6313.4 0.722160582827
6314.0 0.721457290015
6314.7 0.722151879111
6315.3 0.719705484929
6315.9 0.717147441021
6316.6 0.719037350187
6317.2 0.720578065344
6317.8 0.720318862767
6318.4 0.721995948478
6319.1 0.725053122106
6319.7 0.725087990987
6320.3 0.724520714356
6320.9 0.719291366629
6321.6 0.723842888066
6322.2 0.725355339001
6322.8 0.727709456201
6323.5 0.728413381275
6324.1 0.72813258747
6324.7 0.726355826546
6325.3 0.726202104223
6326.0 0.724780469177
6326.6 0.727633640935
6327.2 0.73016206944
6327.8 0.729364836996
6328.5 0.731335172177
6329.1 0.733266660177
6329.7 0.732244711897
6330.3 0.731481696889
6331.0 0.732215135377
6331.6 0.733225938751
6332.2 0.735282070365
6332.8 0.73459158689
6333.5 0.734899456942
6334.1 0.735835924784
6334.7 0.735714087193
6335.3 0.736971523777
6336.0 0.736997875302
6336.6 0.73795730586
6337.2 0.738312779943
6337.8 0.738768693946
6338.5 0.737273029745
6339.1 0.739679039867
6339.7 0.740311388844
6340.3 0.74184005623
6341.0 0.739012184694
6341.6 0.741387907837
6342.2 0.741179502363
6342.8 0.742827130011
6343.5 0.739944376832
6344.1 0.740328811116
6344.7 0.742355353816
6345.3 0.742888698118
6346.0 0.742574512517
6346.6 0.743764928689
6347.2 0.744769645706
6347.8 0.745419604499
6348.4 0.745611381729
6349.1 0.746604364236
6349.7 0.746961864202
6350.3 0.747215490064
6350.9 0.748101096474
6351.5 0.747136356826
6352.2 0.749583030156
6352.8 0.74738210048
6353.4 0.749552030389
6354.0 0.751801229948
6354.7 0.75023585392
6355.3 0.749230672133
6355.9 0.749118092536
6356.5 0.750654511003
6357.1 0.749840919968
6357.8 0.750297094628
6358.4 0.75130492368
6359.0 0.751265717498
6359.6 0.752780674675
6360.2 0.750775731241
6360.9 0.752371059855
6361.5 0.753566636444
6362.1 0.752805574298
6362.7 0.753164476328
6363.3 0.753035025047
6364.0 0.753581088874
6364.6 0.755707930507
6365.2 0.753669540512
6365.8 0.753241284169
6366.4 0.755926514922
6367.1 0.756717775553
6367.7 0.757261378618
6368.3 0.758577914418
6368.9 0.755417437049
6369.5 0.758039724651
6370.1 0.756688141195
6370.8 0.757997693816
6371.4 0.759755876775
6372.0 0.757666967767
6372.6 0.757681345766
6373.2 0.757612865261
6373.8 0.759038716685
6374.5 0.758298745873
6375.1 0.757351147946
6375.7 0.758041247881
6376.3 0.757194133365
6376.9 0.760344956207
6377.5 0.761435085432
6378.2 0.759006726936
6378.8 0.760356748328
6379.4 0.758704477939
6380.0 0.759966043052
6380.6 0.759635793051
6381.2 0.760573567187
6381.9 0.759377522623
6382.5 0.760317475578
6383.1 0.760017517507
6383.7 0.760221033134
6384.3 0.759845298319
6384.9 0.761526846934
6385.5 0.760034043742
6386.2 0.761588370224
6386.8 0.760129141389
6387.4 0.760500004318
6388.0 0.761808140008
6388.6 0.761459038404
6389.2 0.760393411157
6389.8 0.761122912134
6390.7 0.762072776257
6391.4 0.762455860536
6392.0 0.762184055211
6392.6 0.760726779617
6393.3 0.76268854305
6393.9 0.763004968422
6394.5 0.762996417436
6395.2 0.760036575064
6395.8 0.762158881478
6396.4 0.762529052237
6397.1 0.764056181588
6397.7 0.762228244746
6398.3 0.760295771139
6399.0 0.762097695966
6399.6 0.763763306955
6400.2 0.761478170007
6400.9 0.764589065427
6401.5 0.761980632996
6402.1 0.762911345673
6402.8 0.76391624835
6403.4 0.76124385124
6404.0 0.762347880977
6404.7 0.763152044756
6405.3 0.760038236971
6405.9 0.762798520339
6406.5 0.762035607911
6407.2 0.761340140319
6407.8 0.762803658779
6408.4 0.762166392392
6409.1 0.761575150184
6409.7 0.761066568494
6410.3 0.762725536473
6411.0 0.761177917142
6411.6 0.762511867636
6412.2 0.763998530208
6412.9 0.762837766015
6413.5 0.762924253642
6414.1 0.76340694952
6414.7 0.763666963031
6415.4 0.760387836099
6416.0 0.762037808857
6416.6 0.762741378988
6417.3 0.762051577947
6417.9 0.761020350934
6418.5 0.760450569515
6419.1 0.761737529423
6419.8 0.762627694288
6420.4 0.763775398174
6421.0 0.763500693114
6421.7 0.763601423281
6422.3 0.762896340518
6422.9 0.763549611665
6423.5 0.763056716791
6424.2 0.766457824748
6424.8 0.761284748969
6425.4 0.763837375655
6426.1 0.761945441382
6426.7 0.762299241269
6427.3 0.761535281115
6427.9 0.764242076919
6428.6 0.764597610787
6429.2 0.764045017598
6429.8 0.765597941815
6430.4 0.763865435974
6431.1 0.762421535981
6431.7 0.763350723355
6432.3 0.764611204454
6433.0 0.764099107417
6433.6 0.76273217421
6434.2 0.764585230626
6434.8 0.762519961934
6435.5 0.763502184423
6436.1 0.764378346491
6436.7 0.764336111355
6437.3 0.766902233207
6438.0 0.764653379542
6438.6 0.763916244803
6439.2 0.764432495821
6439.8 0.764929135879
6440.5 0.765794807241
6441.1 0.763593517471
6441.7 0.765991177551
6442.3 0.762799869277
6443.0 0.76473754761
6443.6 0.765114245473
6444.2 0.764788779015
6444.8 0.764019764082
6445.5 0.763513832645
6446.1 0.76653527378
6446.7 0.765525455374
6447.3 0.76531906919
6448.0 0.765534206966
6448.6 0.766170389536
6449.2 0.76573118697
6449.8 0.766476487547
6450.5 0.76451206114
6451.1 0.768096706676
6451.7 0.767327714406
6452.3 0.766861337733
6453.0 0.7689787956
6453.6 0.76445883349
6454.2 0.766466430716
6454.8 0.766598593067
6455.5 0.767507546112
6456.1 0.766175183949
6456.7 0.767677952608
6457.3 0.76861918699
6457.9 0.767011520136
6458.6 0.768771543908
6459.2 0.766579345328
6459.8 0.767926698602
6460.4 0.765007835473
6461.1 0.764060178901
6461.7 0.76613559899
6462.3 0.765718299867
6462.9 0.768678435536
6463.5 0.767588638728
6464.2 0.76782035607
6464.8 0.766523977349
6465.4 0.766434219559
6466.0 0.764423167048
6466.7 0.76779194909
6467.3 0.76810037869
6467.9 0.76541505769
6468.5 0.766334688605
6469.1 0.767545718533
6469.8 0.767695799648
6470.4 0.766302237596
6471.0 0.765158177211
6471.6 0.767061031458
6472.2 0.768491315792
6472.9 0.76890004362
6473.5 0.768270714477
6474.1 0.765594233664
6474.7 0.765936164665
6475.3 0.765896176407
6476.0 0.768568123184
6476.6 0.760131955981
6477.2 0.757808455213
6477.8 0.758817166086
6478.4 0.763452619662
6479.1 0.76758196672
6479.7 0.773076379735
6480.3 0.771991577713
6480.9 0.770048427915
6481.5 0.764151766948
6482.2 0.762361711781
6482.8 0.768605518067
6483.4 0.771867332794
6484.0 0.771798970902
6484.6 0.765862715141
6485.2 0.763101851593
6485.9 0.76279673824
6486.5 0.766871864111
6487.1 0.770124156541
6487.7 0.7715193932
6488.3 0.769697093746
6489.0 0.765279402197
6489.6 0.769806076469
6490.2 0.773154038746
6490.8 0.769858735704
6491.4 0.771379208951
6492.0 0.771996110963
6492.7 0.766135000435
6493.3 0.765553387254
6493.9 0.772302887848
6494.5 0.766566501392
6495.1 0.764744098017
6495.7 0.769795927445
6496.4 0.772825617298
6497.0 0.772024135837
6497.6 0.768253330168
6498.2 0.765041478006
6498.8 0.769321356051
6499.4 0.770920177578
6500.0 0.773319989519
6500.7 0.77438442053
6501.3 0.773925191386
6501.9 0.773171383343
6502.5 0.776178457019
6503.1 0.776228215008
6503.7 0.773970185253
6504.4 0.77475497148
6505.0 0.773255060828
6505.6 0.775145269669
6506.2 0.773341280159
6506.8 0.774830572781
6507.4 0.774729827121
6508.0 0.77484812251
6508.7 0.773096108688
6509.3 0.773663660133
6509.9 0.771363161373
6510.5 0.774146689206
6511.1 0.773197961524
6511.7 0.775384472284
6512.3 0.776459645095
6512.9 0.773786643359
6513.6 0.771385546875
6514.2 0.772982082362
6514.8 0.773214541868
6515.4 0.771445412099
6516.0 0.768514945828
6516.6 0.768871899741
6517.2 0.766854819615
6517.9 0.753672217027
6518.5 0.760299407626
6519.1 0.768988266972
6519.7 0.770993186076
6520.3 0.773149687328
6520.9 0.765887255567
6521.5 0.770860430022
6522.1 0.7772132536
6522.7 0.774251401287
6523.4 0.773233862778
6524.0 0.773810379462
6524.6 0.772698372163
6525.2 0.77285115459
6525.8 0.770539444338
6526.4 0.771345487164
6527.0 0.77732860558
6527.6 0.775477703043
6528.2 0.775751568037
6528.9 0.773347686991
6529.5 0.776138778784
6530.1 0.776192463664
6530.7 0.776946957834
6531.3 0.775898283219
6531.9 0.774201791861
6532.5 0.774534262172
6533.1 0.776969345774
6533.7 0.770139796644
6534.3 0.770562853887
6535.0 0.775080058377
6535.6 0.772276504712
6536.2 0.771756192656
6536.8 0.774663531679
6537.4 0.775175342698
6538.0 0.77657925744
6538.6 0.775930337155
6539.2 0.775579577067
6539.8 0.774004444831
6540.4 0.77577676466
6541.0 0.777072884426
6541.6 0.777658558833
6542.3 0.775342142102
6542.9 0.776515026258
6543.5 0.774475819758
6544.1 0.773637345997
6544.7 0.775801965896
6545.3 0.774183742017
6545.9 0.76526540376
6546.5 0.769371490737
6547.1 0.775472742707
6547.7 0.775978029127
6548.3 0.775073416437
6548.9 0.775033947996
6549.5 0.772112539588
6550.1 0.769574644145
6550.7 0.771611764741
6551.4 0.775622957883
6552.0 0.775780163665
6552.6 0.775970511859
6553.2 0.774477318748
6553.8 0.768832740312
6554.4 0.770506983146
6555.0 0.774124871974
6555.6 0.771185129049
6556.2 0.774172517631
6556.8 0.774369583242
6557.4 0.776455830625
6558.0 0.776377012918
6558.6 0.773106102493
6559.2 0.771722047984
6559.8 0.772463484845
6560.4 0.77686446335
6561.0 0.776063034205
6561.6 0.774566864559
6562.2 0.7746540673
6562.8 0.776017283129
6563.4 0.774850268226
6564.1 0.775224268902
6564.7 0.775338495726
6565.3 0.771773334783
6565.9 0.768728658396
6566.5 0.772495278269
6567.1 0.775712086186
6567.7 0.777399994307
6568.3 0.774286918819
6568.9 0.777492323369
6569.5 0.777385558048
6570.1 0.777174603733
6570.7 0.774907439237
6571.3 0.775729259951
6571.9 0.776572968884
6572.5 0.776917200227
6573.1 0.775934308528
6573.7 0.771783646892
6574.3 0.772108772648
6574.9 0.776206980901
6575.5 0.777613516446
6576.1 0.777633465448
6576.7 0.771190228183
6577.3 0.768656342094
6577.9 0.775656330105
6578.5 0.778350961527
6579.1 0.777691983984
6579.7 0.779103195828
6580.3 0.77683578992
6580.9 0.776495396614
6581.5 0.778445127157
6582.1 0.776839557437
6582.7 0.776793242283
6583.3 0.774806939242
6583.9 0.778383795237
6584.5 0.775908525709
6585.1 0.775076779667
6585.7 0.776321848096
6586.3 0.777186698139
6586.9 0.778041715878
6587.5 0.774797473121
6588.1 0.772941167064
6588.7 0.776089832381
6589.3 0.775846566034
6589.9 0.776361919282
6590.5 0.777968393244
6591.1 0.77953561523
6591.7 0.777912197871
6592.3 0.777329895005
6592.9 0.777575262815
6593.5 0.777786029081
6594.1 0.777601404198
6594.7 0.77826572567
6595.3 0.775016435299
6595.9 0.775200606388
6596.5 0.777461884343
6597.1 0.777318006032
6597.7 0.779053240872
6598.2 0.77641026213
6598.8 0.776810200813
6599.4 0.777839286686
6600.0 0.776317970725
6600.6 0.778968094045
6601.2 0.774072028417
6601.8 0.775354131069
6602.4 0.776970381976
6603.0 0.779433752074
6603.6 0.775386387478
6604.2 0.776393484868
6604.8 0.778642608643
6605.4 0.778150720464
6606.0 0.777656420251
6606.6 0.776808107126
6607.2 0.774354263281
6607.8 0.775965034639
6608.4 0.777518865939
6609.0 0.777558801349
6609.6 0.778743230038
6610.2 0.774861223054
6610.7 0.776888931497
6611.3 0.778039779963
6611.9 0.776711280947
6612.5 0.775757153935
6613.1 0.77794782058
6613.7 0.77821706437
6614.3 0.776454894751
6614.9 0.775185160177
6615.5 0.775351728934
6616.1 0.77743128805
6616.7 0.777092279774
6617.3 0.778368177397
6617.9 0.77637038481
6618.5 0.776781731838
6619.0 0.775778859302
6619.6 0.775696371382
6620.2 0.775500733149
6620.8 0.776255072253
6621.4 0.775692516031
6622.0 0.776884333111
6622.6 0.776053088351
6623.2 0.774360484849
6623.8 0.774897158388
6624.4 0.775830194182
6625.0 0.775653312005
6625.6 0.775993467708
6626.1 0.777030394491
6626.7 0.776696671181
6627.3 0.776587108092
6627.9 0.775775797214
6628.5 0.776415527174
6629.1 0.775723270475
6629.7 0.775485013402
6630.3 0.775994453707
6630.9 0.776691523529
6631.4 0.775384403915
6632.0 0.776581774182
6632.6 0.775447334033
6633.2 0.774605033551
6633.8 0.775747036161
6634.4 0.777491399817
6635.0 0.775785270267
6635.6 0.775083146687
6636.2 0.775917878723
6636.7 0.7747036716
6637.3 0.777177194634
6637.9 0.775219983439
6638.5 0.775144941063
6639.1 0.775352349446
6639.7 0.774086467647
6640.3 0.773423168684
6640.9 0.775055925052
6641.4 0.774466442527
6642.0 0.774465225789
6642.6 0.773897204294
6643.2 0.773293292399
6643.8 0.774508996572
6644.4 0.775274535084
6645.0 0.775215549172
6645.6 0.775010628089
6646.1 0.774333059599
6646.7 0.773043237492
6647.3 0.774888352269
6647.9 0.775126949583
6648.5 0.77421192189
6649.1 0.774272389793
6649.7 0.773986424147
6650.2 0.772795400342
6650.8 0.77350481107
6651.4 0.774254633913
6652.0 0.772177602968
6652.6 0.772113276556
6653.2 0.774931859393
6653.7 0.774127972025
6654.3 0.774652943666
6654.9 0.7727094262
6655.5 0.774603266366
6656.1 0.775953118184
6656.7 0.771490864804
6657.2 0.773780593172
6657.8 0.771348358809
6658.4 0.774304570121
6659.0 0.772415228277
6659.6 0.773913621014
6660.2 0.773040860796
6660.7 0.773526210922
6661.3 0.773645599931
6661.9 0.772591970304
6662.5 0.774441280121
6663.1 0.775009408273
6663.7 0.772426079525
6664.2 0.771805113487
6664.8 0.772747012907
6665.4 0.77326805136
6666.0 0.774001935288
6666.6 0.772671259671
6667.1 0.77563796872
6667.7 0.774084488302
6668.3 0.772024625393
6668.9 0.772914948968
6669.5 0.772013289531
6670.0 0.775415629293
6670.6 0.774657320286
6671.2 0.774709194625
6671.8 0.773791124689
6672.4 0.772802559295
6672.9 0.774496649744
6673.5 0.775014417668
6674.1 0.773512761494
6674.7 0.772206296738
6675.3 0.774202178426
6675.8 0.773405743687
6676.4 0.773748825598
6677.0 0.774499380778
6677.6 0.774069041678
6678.2 0.771476654642
6678.7 0.773611436158
6679.3 0.772861672975
6679.9 0.774494665435
6680.5 0.773408336019
6681.0 0.772286905568
6681.6 0.775039217006
6682.2 0.772092437752
6682.8 0.773169092593
6683.4 0.774475314359
6683.9 0.772070874123
6684.5 0.774399984856
6685.1 0.772234124879
6685.7 0.772499058978
6686.2 0.772120170684
6686.8 0.774797461149
6687.4 0.772584443607
6688.0 0.771415735749
6688.5 0.774935880693
6689.1 0.773831130696
6689.7 0.77392232883
6690.3 0.774623642535
6690.8 0.771907460111
6691.4 0.776448102952
6692.0 0.774807856917
6692.6 0.773228434007
6693.1 0.775762541221
6693.7 0.773990065737
6694.3 0.775057238885
6694.9 0.773382158993
6695.4 0.771742609323
6696.0 0.77537317034
6696.6 0.775109463821
6697.2 0.774841257329
6697.7 0.775372779093
6698.3 0.77453453842
6698.9 0.774975125555
6699.5 0.774991434946
6700.0 0.773712163521
6700.6 0.775110545457
6701.2 0.773104513424
6701.8 0.775395950697
6702.3 0.774500461427
6702.9 0.775282196929
6703.5 0.773870158802
6704.0 0.775005770198
6704.6 0.773647918093
6705.2 0.77487978696
6705.8 0.775942656912
6706.3 0.774554389878
6706.9 0.775277377749
6707.5 0.773775694734
6708.0 0.772846000572
6708.6 0.774526602385
6709.2 0.775020701989
6709.8 0.773953364449
6710.3 0.773608406635
6710.9 0.775212282344
6711.5 0.773906394486
6712.0 0.773749530852
6712.6 0.77423591915
6713.2 0.772913487185
6713.7 0.775016252708
6714.3 0.773243321396
6714.9 0.77379675129
6715.5 0.773256650519
6716.0 0.773535912834
6716.6 0.775867537993
6717.2 0.773289316212
6717.7 0.774189542743
6718.3 0.774917171281
6718.9 0.771805508047
6719.4 0.773817375416
6720.0 0.773076274238
6720.6 0.773591016843
6721.1 0.772366208692
6721.7 0.773451435619
6722.3 0.772017632141
6722.8 0.772757558906
6723.4 0.773076659931
6724.0 0.772375484651
6724.5 0.773551367479
6725.1 0.773340964824
6725.7 0.772170952685
6726.2 0.773227413682
6726.8 0.772848480161
6727.4 0.772282255434
6727.9 0.772678319586
6728.5 0.773505874171
6729.1 0.773082680813
6729.6 0.77355841058
6730.2 0.771663179332
6730.8 0.77228448623
6731.3 0.770669793452
6731.9 0.77194822657
6732.5 0.772434338077
6733.0 0.773252483679
6733.6 0.772462892322
6734.2 0.773101877563
6734.7 0.7732341206
6735.3 0.771275921323
6735.8 0.771583916395
6736.4 0.77161578279
6737.0 0.770962474473
6737.5 0.771150238097
6738.1 0.771743730691
6738.7 0.771397329774
6739.2 0.770285600515
6739.8 0.769408520172
6740.4 0.769151896123
6740.9 0.772139931525
6741.5 0.771615357576
6742.0 0.768463780153
6742.6 0.771868978516
6743.2 0.770255346653
6743.7 0.770695823582
6744.3 0.77186771758
6744.8 0.772071976448
6745.4 0.769531028827
6746.0 0.76948617253
6746.5 0.772750440803
6747.1 0.770098212263
6747.7 0.771216129348
6748.2 0.769270926468
6748.8 0.769728269253
6749.3 0.771173019104
6749.9 0.768785908295
6750.5 0.770361138199
6751.0 0.770528583284
6751.6 0.769917457405
6752.1 0.768945439088
6752.7 0.769897603575
6753.3 0.769152990043
6753.8 0.768844068794
6754.4 0.768515515047
6754.9 0.768897036714
6755.5 0.768817361507
6756.0 0.766474094151
6756.6 0.767844007809
6757.2 0.767661392101
6757.7 0.767603192874
6758.3 0.766929479936
6758.8 0.767627496485
6759.4 0.770388177556
6760.0 0.768053618505
6760.5 0.770089213922
6761.1 0.766994471282
6761.6 0.766330553391
6762.2 0.76686826516
6762.7 0.768585523815
6763.3 0.768203464938
6763.9 0.76914155325
6764.4 0.766590635771
6765.0 0.769198298517
6765.5 0.765048651019
6766.1 0.765789349712
6766.6 0.768557241933
6767.2 0.764879473643
6767.7 0.766180651906
6768.3 0.766162335513
6768.9 0.76600281431
6769.4 0.764629004014
6770.0 0.766804670253
6770.5 0.764700312424
6771.1 0.766587032781
6771.6 0.765713313303
6772.2 0.764060170434
6772.7 0.76638311181
6773.3 0.767058531998
6773.8 0.765737784416
6774.4 0.766015863281
6774.9 0.765207340798
6775.5 0.764647350588
6776.1 0.765113626905
6776.6 0.766979795137
6777.2 0.764619866971
6777.7 0.764630610056
6778.3 0.763968588927
6778.8 0.764619727018
6779.4 0.764482016589
6779.9 0.763905982196
6780.5 0.764810905051
6781.0 0.76396139039
6781.6 0.766246294931
6782.1 0.766033243334
6782.7 0.763969790258
6783.2 0.763943281908
6783.8 0.762690299642
6784.3 0.765104966685
6784.9 0.763690771439
6785.4 0.762901177104
6786.0 0.763422556657
6786.5 0.765262289386
6787.1 0.764074837809
6787.6 0.765284767681
6788.2 0.762221363937
6788.7 0.763777307852
6789.3 0.763417710085
6789.8 0.764013601465
6790.4 0.762218524874
6790.9 0.763866963324
6791.5 0.764160518223
6792.0 0.762256586136
6792.6 0.763260674457
6793.1 0.763590652236
6793.7 0.762257672913
6794.2 0.764043010804
6794.8 0.763160933082
6795.3 0.762545992541
6795.9 0.761285475196
6796.4 0.762446276921
6796.9 0.763618284569
6797.5 0.763331004263
6798.0 0.762616289363
6798.6 0.762272302241
6799.1 0.763406311981
6799.7 0.763463879999
6800.2 0.762542648054
6800.8 0.762621857228
6801.3 0.76443355597
6801.9 0.762849738857
6802.4 0.763310006779
6803.0 0.766674130257
6803.5 0.761433680935
6804.0 0.76290177903
6804.6 0.763426438129
6805.1 0.76230675915
6805.7 0.763492887495
6806.2 0.762845416751
6806.8 0.7630695765
6807.3 0.763130091167
6807.9 0.762318313164
6808.4 0.762923547046
6808.9 0.763572589627
6809.5 0.761836077517
6810.0 0.762302761315
6810.6 0.763653674884
6811.1 0.763614269721
6811.7 0.762065795533
6812.2 0.763585192461
6812.7 0.763922114302
6813.3 0.762709162386
6813.8 0.765831535626
6814.4 0.761590464179
6814.9 0.762218539141
6815.4 0.763153192523
6816.0 0.762789322759
6816.5 0.764060027351
6817.1 0.764413932225
6817.6 0.763544317938
6818.2 0.763246953025
6818.7 0.761731590885
6819.2 0.764328779215
6819.8 0.763834352382
6820.3 0.763840732802
6820.9 0.762310306643
6821.4 0.762909665561
6821.9 0.763639491541
6822.5 0.762659895902
6823.0 0.763157273381
6823.6 0.762983184902
6824.1 0.764513343701
6824.6 0.762047329816
6825.2 0.763421333818
6825.7 0.762928909761
6826.2 0.764306105203
6826.8 0.765753646413
6827.3 0.763019486865
6827.9 0.76129427483
6828.4 0.763816455762
6828.9 0.763837917243
6829.5 0.763336100469
6830.0 0.764258836291
6830.5 0.764144005356
6831.1 0.764408919997
6831.6 0.765457628198
6832.2 0.763651771532
6832.7 0.764256495671
6833.2 0.764702476499
6833.8 0.764823289908
6834.3 0.765205851692
6834.8 0.762648316027
6835.4 0.764676840232
6835.9 0.763516793437
6836.4 0.764960571946
6837.0 0.763897101994
6837.5 0.764945676635
6838.0 0.764849766076
6838.6 0.76399595768
6839.1 0.765035188515
6839.6 0.764869054157
6840.2 0.762280685448
6840.7 0.76656773884
6841.3 0.763228592552
6841.8 0.76620690975
6842.3 0.764842666923
6842.9 0.76765647476
6843.4 0.767294784893
6843.9 0.765806202863
6844.4 0.765446833878
6845.0 0.765048330238
6845.5 0.765698290365
6846.0 0.767154230961
6846.6 0.764307485072
6847.1 0.764121013087
6847.6 0.764787982501
6848.2 0.766192292329
6848.7 0.765545336643
6849.2 0.766226592468
6849.8 0.763524147972
6850.3 0.767681342365
6850.8 0.766134917921
6851.4 0.766438996808
6851.9 0.765126216999
6852.4 0.763571924859
6852.9 0.76620091247
6853.5 0.76590343881
6854.0 0.768118935302
6854.5 0.76817977408
6855.1 0.767710552317
6855.6 0.766191381273
6856.1 0.766640924639
6856.7 0.766551175705
6857.2 0.765509729085
6857.7 0.766032024627
6858.2 0.765741921233
6858.8 0.767247091107
6859.3 0.765898274808
6859.8 0.765769403223
6860.4 0.767631014522
6860.9 0.767344576687
6861.4 0.767935013619
6861.9 0.764798421733
6862.5 0.768043693403
6863.0 0.765374340841
6863.5 0.766442945278
6864.0 0.765855749446
6864.6 0.766660805764
6865.1 0.767760632303
6865.6 0.764908595054
6866.1 0.767391016754
6866.5 0.766279918751
6867.1 0.768081746959
6867.7 0.765271510185
6868.3 0.710574449123
6868.9 0.597943733532
6869.4 0.528984618179
6870.0 0.454082110033
6870.6 0.495641421363
6871.2 0.52506013932
6871.8 0.535121155888
6872.4 0.515931151793
6872.9 0.488231158266
6873.5 0.542585695951
6874.1 0.602647552628
6874.7 0.595227300327
6875.3 0.586702881031
6875.9 0.569171417731
6876.4 0.57032813687
6877.0 0.571207388433
6877.6 0.632222738318
6878.2 0.655392133514
6878.8 0.613366362758
6879.4 0.631672051284
6879.9 0.669213590443
6880.5 0.662200201549
6881.1 0.655982304915
6881.7 0.681137086677
6882.3 0.713204697696
6882.9 0.760533003964
6883.4 0.767962381753
6884.0 0.7650671665
6884.6 0.765863458177
6885.2 0.742975648938
6885.8 0.681445915777
6886.4 0.699211273141
6886.9 0.74802189183
6887.5 0.696090443818
6888.1 0.633200809113
6888.7 0.628323774122
6889.3 0.665840045978
6889.8 0.729932992512
6890.4 0.70082044558
6891.0 0.614569270165
6891.6 0.606049919804
6892.2 0.632584618223
6892.8 0.726347478225
6893.3 0.714815472376
6893.9 0.629206702255
6894.5 0.600516147981
6895.1 0.608065249083
6895.7 0.708386492411
6896.2 0.754886406743
6896.8 0.757306293036
6897.4 0.698782114487
6898.0 0.610587456427
6898.6 0.609154680965
6899.1 0.622033624679
6899.7 0.71657115536
6900.3 0.76126737846
6900.9 0.763157685283
6901.4 0.706465116801
6902.0 0.622586011618
6902.6 0.622078485013
6903.2 0.65210490254
6903.8 0.735199562021
6904.3 0.764988708537
6904.9 0.763542809006
6905.5 0.704017725122
6906.1 0.641596827791
6906.7 0.638304565031
6907.2 0.663276201765
6907.8 0.738522425037
6908.4 0.763614588058
6909.0 0.766395387431
6909.5 0.725509380678
6910.1 0.682862030119
6910.7 0.654120540966
6911.3 0.675752310654
6911.9 0.749137715215
6912.4 0.761481106661
6913.0 0.764412877759
6913.6 0.764153238019
6914.2 0.749441593733
6914.7 0.706965190187
6915.3 0.68091117362
6915.9 0.678542750838
6916.5 0.723042391622
6917.0 0.764564271236
6917.6 0.762658587078
6918.2 0.765087563627
6918.8 0.765755134353
6919.3 0.746494207358
6919.9 0.707122772932
6920.5 0.703129979214
6921.1 0.706969418092
6921.6 0.740663891485
6922.2 0.766063499124
6922.8 0.766041953505
6923.4 0.766226529064
6923.9 0.761952962765
6924.5 0.737176929677
6925.1 0.712567569752
6925.7 0.712672244259
6926.2 0.725641646929
6926.8 0.754003799138
6927.4 0.765595455202
6928.0 0.765593995267
6928.5 0.762850641597
6929.1 0.761109462377
6929.7 0.764104306011
6930.3 0.74490566075
6930.8 0.712665036856
6931.4 0.717879459718
6932.0 0.745879296314
6932.6 0.753313476264
6933.1 0.759155016652
6933.7 0.75756276337
6934.3 0.759242361696
6934.8 0.758676217336
6935.4 0.750460648496
6936.0 0.734975894749
6936.6 0.741391792806
6937.1 0.749327075774
6937.7 0.758673829096
6938.3 0.765277517708
6938.9 0.766650398335
6939.4 0.752697868034
6940.0 0.740453387284
6940.6 0.751191490874
6941.1 0.757645590618
6941.7 0.730038561032
6942.3 0.72766646068
6942.9 0.743211830599
6943.4 0.739776564597
6944.0 0.73684459834
6944.6 0.753871759432
6945.1 0.760420268643
6945.7 0.746664592274
6946.3 0.748670627914
6946.8 0.762142500708
6947.4 0.76510176633
6948.0 0.761933700272
6948.6 0.74659597268
6949.1 0.737523001025
6949.7 0.747068245003
6950.3 0.747881192404
6950.8 0.745324489049
6951.4 0.752836730152
6952.0 0.763981619388
6952.5 0.759714051331
6953.1 0.753901841338
6953.7 0.761795519526
6954.3 0.761083479237
6954.8 0.759756727979
6955.4 0.753207347865
6956.0 0.74841666384
6956.5 0.757258969178
6957.1 0.760236403853
6957.7 0.732066350903
6958.2 0.725462849646
6958.8 0.752180019983
6959.4 0.762002545017
6959.9 0.761743797258
6960.5 0.753357969765
6961.1 0.745135991238
6961.6 0.755553444648
6962.2 0.755506640187
6962.8 0.737802543737
6963.3 0.741149656067
6963.9 0.761247364623
6964.5 0.762431176701
6965.0 0.766130490103
6965.6 0.759724819261
6966.2 0.757272300755
6966.7 0.757841482257
6967.3 0.761841662343
6967.9 0.763511082008
6968.4 0.764302379655
6969.0 0.762644083935
6969.6 0.763067383339
6970.1 0.76141393006
6970.7 0.762840987216
6971.3 0.763950937044
6971.8 0.76282563099
6972.4 0.758699037757
6973.0 0.756014950725
6973.5 0.761740044741
6974.1 0.76012728756
6974.6 0.763379410065
6975.2 0.761425429152
6975.8 0.763026522791
6976.3 0.762218982167
6976.9 0.762659172054
6977.5 0.76019390762
6978.0 0.762078567959
6978.6 0.757713224544
6979.2 0.7550977484
6979.7 0.75993557216
6980.3 0.762360867535
6980.8 0.76056605737
6981.4 0.760097904867
6982.0 0.76074816502
6982.5 0.757138626413
6983.1 0.755464648874
6983.7 0.758775303584
6984.2 0.759239965765
6984.8 0.761950942786
6985.3 0.760981623809
6985.9 0.761077898905
6986.5 0.757933787214
6987.0 0.758912862846
6987.6 0.754135559456
6988.2 0.750260041243
6988.7 0.750141291935
6989.3 0.752250486786
6989.8 0.755424166267
6990.4 0.745565433099
6991.0 0.732620295787
6991.5 0.742778155309
6992.1 0.752520681556
6992.6 0.755527068624
6993.2 0.758552223381
6993.8 0.759007627014
6994.3 0.755139589762
6994.9 0.744173557875
6995.4 0.745286494417
6996.0 0.741706217982
6996.6 0.753347076138
6997.1 0.759228395601
6997.7 0.76227145994
6998.2 0.759719150623
6998.8 0.760482389585
6999.4 0.75826846589
6999.9 0.754972379922
7000.5 0.742833430032
7001.0 0.732897586318
7001.6 0.747623154546
7002.2 0.759166765061
7002.7 0.75958394051
7003.3 0.758695475493
7003.8 0.756383200596
7004.4 0.75598208898
7004.9 0.757787954764
7005.5 0.756050885285
7006.1 0.750490344103
7006.6 0.737825355198
7007.2 0.733919606252
7007.7 0.744424126301
7008.3 0.752459815169
7008.8 0.753601693198
7009.4 0.75545105202
7010.0 0.755713919542
7010.5 0.755415633649
7011.1 0.756064910788
7011.6 0.756110530373
7012.2 0.749661492341
7012.7 0.744931459508
7013.3 0.746610765832
7013.8 0.75455046332
7014.4 0.756863693409
7015.0 0.757095931895
7015.5 0.756549522971
7016.1 0.755653214294
7016.6 0.754422988952
7017.2 0.744999070057
7017.7 0.731891155346
7018.3 0.73183724104
7018.8 0.746652348583
7019.4 0.754747471788
7019.9 0.757605680028
7020.5 0.7552440206
7021.1 0.750397726585
7021.6 0.752455861105
7022.2 0.753407337661
7022.7 0.753316287478
7023.3 0.752774847035
7023.8 0.753136909414
7024.4 0.749266302
7024.9 0.739052445452
7025.5 0.746516144628
7026.0 0.754079792902
7026.6 0.752677699092
7027.1 0.753041935191
7027.7 0.751389920877
7028.2 0.745492363674
7028.8 0.729588600921
7029.4 0.734843738467
7029.9 0.743537268086
7030.5 0.751223882522
7031.0 0.752446954265
7031.6 0.755993250053
7032.1 0.756324388199
7032.7 0.755791447216
7033.2 0.754143570596
7033.8 0.757199305598
7034.3 0.754997599783
7034.9 0.757788433366
7035.4 0.755920755362
7036.0 0.757957936082
7036.5 0.757228320332
7037.1 0.755722437138
7037.6 0.756652560776
7038.2 0.752658502466
7038.7 0.74991308485
7039.3 0.744785513145
7039.8 0.748963773528
7040.4 0.748284386884
7040.9 0.748938140163
7041.5 0.743111879663
7042.0 0.737313053834
7042.6 0.746658503311
7043.1 0.75457989843
7043.7 0.752837380664
7044.2 0.752028231834
7044.8 0.752901432668
7045.3 0.753780295188
7045.9 0.754856652288
7046.4 0.754413476031
7046.9 0.754717436347
7047.5 0.755430396221
7048.0 0.756808077224
7048.6 0.750373677522
7049.1 0.749012551832
7049.7 0.751458284383
7050.2 0.754086298223
7050.8 0.752689254432
7051.3 0.754081374543
7051.9 0.753436498503
7052.4 0.747578678588
7053.0 0.743898414038
7053.5 0.746374429696
7054.1 0.74848000363
7054.6 0.745889767365
7055.1 0.745656944841
7055.7 0.751045040245
7056.2 0.754914593562
7056.8 0.752354634268
7057.3 0.75367053597
7057.9 0.751613682353
7058.4 0.749911695115
7059.0 0.747261105915
7059.5 0.748480192104
7060.1 0.752304136952
7060.6 0.753097038655
7061.1 0.753225657725
7061.7 0.75181603929
7062.2 0.751489578113
7062.8 0.752314559267
7063.3 0.751795688097
7063.9 0.750841677035
7064.4 0.753126129296
7064.9 0.750048490644
7065.5 0.749251790623
7066.0 0.75541543384
7066.6 0.751171011426
7067.1 0.751761490647
7067.7 0.747411403451
7068.2 0.746301104589
7068.7 0.750778554611
7069.3 0.751004278367
7069.8 0.753634539164
7070.4 0.751594487971
7070.9 0.751616676244
7071.5 0.752546261165
7072.0 0.753160566827
7072.5 0.752770463286
7073.1 0.753523265195
7073.6 0.749613203848
7074.2 0.752981001388
7074.7 0.750399918018
7075.2 0.752211409437
7075.8 0.752542272612
7076.3 0.751904045815
7076.9 0.748605729833
7077.4 0.751153023382
7077.9 0.751051508348
7078.5 0.751687116179
7079.0 0.749227095913
7079.6 0.747609451117
7080.1 0.744280820814
7080.6 0.744938174754
7081.2 0.746132207249
7081.7 0.745575544234
7082.3 0.748365207094
7082.8 0.749421830403
7083.3 0.748510205108
7083.9 0.750767768717
7084.4 0.749288994509
7085.0 0.75011921062
7085.5 0.749220048118
7086.0 0.751461742096
7086.6 0.74736734753
7087.1 0.745680968607
7087.6 0.747371448636
7088.2 0.74716264732
7088.7 0.745719666974
7089.3 0.745883289011
7089.8 0.739264217737
7090.3 0.739877648431
7090.9 0.74295303859
7091.4 0.743840838171
7091.9 0.744189074833
7092.5 0.742190907155
7093.0 0.741626533779
7093.5 0.739755630198
7094.1 0.744353983071
7094.6 0.741519384594
7095.2 0.741913040869
7095.7 0.738884247258
7096.2 0.739054947515
7096.8 0.737753681723
7097.3 0.736593166238
7097.8 0.738158307528
7098.4 0.739402231126
7098.9 0.736421572281
7099.4 0.735922733956
7100.0 0.736285873127
7100.5 0.736639741458
7101.0 0.731889493519
7101.6 0.735077672842
7102.1 0.732905034025
7102.6 0.732750430704
7103.2 0.732778377161
7103.7 0.730981714493
7104.2 0.729711402887
7104.8 0.729757981008
7105.3 0.730757969563
7105.8 0.727772212062
7106.4 0.729128218935
7106.9 0.728304836359
7107.4 0.724956616232
7108.0 0.720683751841
7108.5 0.720854808271
7109.0 0.725753270176
7109.6 0.724279537607
7110.1 0.721774766423
7110.6 0.721393416697
7111.1 0.719596892279
7111.7 0.720281573047
7112.2 0.719444474561
7112.7 0.720359576421
7113.3 0.716553348593
7113.8 0.715360653314
7114.3 0.714291296864
7114.9 0.715826959873
7115.4 0.713118354983
7115.9 0.712715785226
7116.5 0.709665477893
7117.0 0.711029850989
7117.5 0.70881326563
7118.0 0.708324158353
7118.6 0.709526615848
7119.1 0.707778248509
7119.6 0.70244875498
7120.2 0.702629484381
7120.7 0.701225177704
7121.2 0.701845511858
7121.7 0.701108879126
7122.3 0.69906418342
7122.8 0.699335569111
7123.3 0.698346907311
7123.9 0.697759461351
7124.4 0.695396339576
7124.9 0.694283328643
7125.4 0.694033419745
7126.0 0.694370422095
7126.5 0.690991202892
7127.0 0.69034244807
7127.5 0.690229064532
7128.1 0.689195483774
7128.6 0.688507320472
7129.1 0.68681759795
7129.6 0.683654241599
7130.2 0.682409475558
7130.7 0.680059426444
7131.2 0.679053101984
7131.7 0.678424211957
7132.3 0.67938420141
7132.8 0.677124617283
7133.3 0.676767885326
7133.8 0.675432041646
7134.4 0.67395846267
7134.9 0.673909898171
7135.4 0.670955729689
7135.9 0.66847177516
7136.5 0.669086778641
7137.0 0.667760032458
7137.5 0.669217332854
7138.0 0.666957148889
7138.6 0.663413916342
7139.1 0.660163873329
7139.6 0.659880920269
7140.1 0.66249386746
7140.7 0.66149781649
7141.2 0.659785834261
7141.7 0.657746743633
7142.2 0.653947176036
7142.7 0.656472775597
7143.3 0.655925710854
7143.8 0.653447079793
7144.3 0.651716950402
7144.8 0.64774619987
7145.4 0.647499128622
7145.9 0.649093869479
7146.4 0.647848898828
7146.9 0.646303296134
7147.4 0.643439255502
7148.0 0.641492670492
7148.5 0.641041941184
7149.0 0.639392770502
7149.5 0.634976236016
7150.0 0.63021763997
7150.6 0.635942178807
7151.1 0.637290404705
7151.6 0.632588393124
7152.1 0.631285278848
7152.6 0.626768131663
7153.2 0.624550642962
7153.7 0.627859385396
7154.2 0.629538688436
7154.7 0.627333526584
7155.2 0.62590334181
7155.8 0.624919825394
7156.3 0.623543169583
7156.8 0.624873904802
7157.3 0.619663118699
7157.8 0.616495250233
7158.3 0.616251423555
7158.9 0.617246013353
7159.4 0.616247279481
7159.9 0.617769590972
7160.4 0.609927129924
7160.9 0.60636457002
7161.4 0.608562870731
7162.0 0.613959114334
7162.5 0.610138532535
7163.0 0.608464904499
7163.5 0.604624067497
7164.0 0.60156553973
7164.5 0.601076968898
7165.1 0.60139438701
7165.6 0.593767251164
7166.1 0.590787325182
7166.6 0.594415462663
7167.1 0.595110391456
7167.6 0.592891996219
7168.2 0.585278638223
7168.7 0.577136607687
7169.2 0.567694779902
7169.7 0.556065936126
7170.2 0.55682559133
7170.7 0.571821028132
7171.2 0.576468981869
7171.7 0.565174324076
7172.3 0.558911017214
7172.8 0.5594046323
7173.3 0.564254879293
7173.8 0.569806479843
7174.3 0.553298084108
7174.8 0.517674539536
7175.3 0.512741758308
7175.9 0.528546605482
7176.4 0.548636372613
7176.9 0.567374216108
7177.4 0.557335827848
7177.9 0.542441239314
7178.4 0.521233070899
7178.9 0.497328780413
7179.4 0.503644767525
7179.9 0.519906719396
7180.5 0.536615986026
7181.0 0.549697890966
7181.5 0.552789951667
7182.0 0.553675053854
7182.5 0.538683463873
7183.0 0.523466490986
7183.5 0.506710149922
7184.0 0.487490662355
7184.5 0.513304805543
7185.0 0.542137234995
7185.6 0.501996040976
7186.1 0.475258696607
7186.6 0.470265848157
7187.1 0.46501126622
7187.6 0.451572932266
7188.1 0.440297197154
7188.6 0.431709507074
7189.1 0.432419733913
7189.6 0.475024604022
7190.1 0.509789496112
7190.6 0.509937026904
7191.2 0.511497850731
7191.7 0.510679505897
7192.2 0.498326052353
7192.7 0.465911602855
7193.2 0.443613855315
7193.7 0.438088943482
7194.2 0.440731946211
7194.7 0.45935040675
7195.2 0.461413365286
7195.7 0.437876538065
7196.2 0.430742095983
7196.7 0.44670436173
7197.2 0.457163590074
7197.7 0.459906410151
7198.2 0.458278895075
7198.7 0.450066756332
7199.3 0.436213104407
7199.8 0.424011840374
7200.3 0.426625382871
7200.8 0.4409992535
7201.3 0.435624595997
7201.8 0.416687075793
7202.3 0.38809346516
7202.8 0.3534076388
7203.3 0.365021185378
7203.8 0.405003833721
7204.3 0.419830434553
7204.8 0.417370005321
7205.3 0.395629771317
7205.8 0.359202230371
7206.3 0.361546168434
7206.8 0.386512757456
7207.3 0.379476868081
7207.8 0.350032484926
7208.3 0.348859965331
7208.8 0.365610096609
7209.3 0.37295598139
7209.8 0.374229198077
7210.3 0.369336575805
7210.8 0.359536750597
7211.3 0.352715916429
7211.8 0.348405321387
7212.3 0.344336249299
7212.8 0.342729376346
7213.3 0.340449672684
7213.8 0.338760639994
7214.3 0.335094748818
7214.8 0.331053866508
7215.3 0.327563551795
7215.8 0.322673086611
7216.3 0.31737428113
7216.8 0.312131572394
7217.3 0.306381607926
7217.8 0.298611019758
7218.3 0.291244071083
7218.8 0.285409345083
7219.3 0.281578572538
7219.8 0.27938350393
7220.3 0.277291720771
7220.8 0.273469240643
7221.3 0.269862317559
7221.8 0.266461368228
7222.3 0.262338842621
7222.8 0.257721253288
7223.3 0.253519667566
7223.8 0.249840140291
7224.3 0.24349110826
7224.8 0.237517460988
7225.3 0.228958799037
7225.8 0.21861783481
7226.3 0.217129317872
7226.8 0.220870237394
7227.3 0.219387419347
7227.8 0.215378600566
7228.3 0.209751509385
7228.8 0.202177439317
7229.3 0.196461482624
7229.8 0.19194937774
7230.3 0.190039579163
7230.7 0.189159553652
7231.2 0.188330330544
7231.7 0.184854783078
7232.2 0.180705478116
7232.7 0.176512012597
7233.2 0.171372694557
7233.7 0.165275793677
7234.2 0.156919601003
7234.7 0.145474773241
7235.2 0.141062379961
7235.7 0.145778914257
7236.2 0.143317309527
7236.7 0.13082365335
7237.2 0.125130053581
7237.7 0.129220067001
7238.1 0.131698031181
7238.6 0.134650814926
7239.1 0.136191356784
7239.6 0.133084233226
7240.1 0.130372686854
7240.6 0.127684705711
7241.1 0.124637133994
7241.6 0.119010592462
7242.1 0.112813644474
7242.6 0.101641926961
7243.1 0.095147527233
7243.6 0.104314503819
7244.0 0.110614515862
7244.5 0.10629220129
7245.0 0.101407665444
7245.5 0.094295106124
7246.0 0.087734556426
7246.5 0.092162119437
7247.0 0.096607096695
7247.5 0.092009273937
7248.0 0.087250328374
7248.4 0.086152466756
7248.9 0.085207513093
7249.4 0.085487534774
7249.9 0.085856923116
7250.4 0.083264544711
7250.9 0.080558759545
7251.4 0.078442618869
7251.9 0.076786786723
7252.4 0.075996734995
7252.8 0.075227364619
7253.3 0.071635318362
7253.8 0.066044462816
7254.3 0.063052979426
7254.8 0.061914095249
7255.3 0.061238158508
7255.8 0.06107844366
7256.2 0.061457946223
7256.7 0.062957735635
7257.2 0.063362093697
7257.7 0.062175392592
7258.2 0.060305047914
7258.7 0.057831419003
7259.2 0.055338114295
7259.6 0.054371861358
7260.1 0.053358392216
7260.6 0.053216002833
7261.1 0.053206381285
7261.6 0.052088540862
7262.1 0.050668042168
7262.5 0.049302171303
7263.0 0.04776003571
7263.5 0.047153857556
7264.0 0.04625929951
7264.5 0.045319152444
7265.0 0.044353160698
7265.4 0.043519673024
7265.9 0.042719796721
7266.4 0.041127141121
7266.9 0.038796670533
7267.4 0.037167269284
7267.9 0.035515974407
7268.3 0.036208650078
7268.8 0.03832144196
7269.3 0.03864414204
7269.8 0.037863198584
7270.3 0.036942746921
7270.7 0.036309015278
7271.2 0.035111551365
7271.7 0.033659401822
7272.2 0.032865797342
7272.7 0.033163354388
7273.1 0.033078145688
7273.6 0.032389489884
7274.1 0.031248935319
7274.6 0.028416415075
7275.1 0.026390054059
7275.5 0.02770373553
7276.0 0.029493967878
7276.5 0.027924216249
7277.0 0.026554246848
7277.5 0.02625948953
7277.9 0.025966188565
7278.4 0.024324524736
7278.9 0.022322522742
7279.4 0.022873461557
7279.8 0.023597635604
7280.3 0.024063070601
7280.8 0.024205914842
7281.3 0.023938471996
7281.8 0.023450110338
7282.2 0.022985699517
7282.7 0.022521213168
7283.2 0.022149563931
7283.7 0.021542720447
7284.1 0.021154674198
7284.6 0.020975741902
7285.1 0.020834159388
7285.6 0.020624499899
7286.0 0.020422235592
7286.5 0.019943192289
7287.0 0.019715300327
7287.5 0.019262915443
7287.9 0.018906940997
7288.4 0.018110082212
7288.9 0.017085456795
7289.4 0.016790996166
7289.8 0.016653383381
7290.3 0.01664263831
7290.8 0.01696278442
7291.3 0.01615228032
7291.7 0.015093409813
7292.2 0.014450633934
7292.7 0.014723030817
7293.2 0.014805235947
7293.6 0.014690849155
7294.1 0.014653901354
7294.6 0.014362871706
7295.0 0.014064316172
7295.5 0.014111833855
7296.0 0.013998285408
7296.5 0.013556970201
7296.9 0.013168421883
7297.4 0.013066616046
7297.9 0.013062445025
7298.3 0.012947012959
7298.8 0.012951409027
7299.3 0.012659693151
7299.7 0.012496233809
7300.2 0.012239052919
7300.7 0.01199688712
7301.2 0.011814359563
7301.6 0.011315723374
7302.1 0.010978214336
7302.6 0.011161037806
7303.0 0.011142125983
7303.5 0.010833409269
7304.0 0.010591842071
7304.4 0.01007372511
7304.9 0.00965830109
7305.4 0.009304879879
7305.8 0.009182904788
7306.3 0.00927269119
7306.8 0.009632734084
7307.2 0.009618224546
7307.7 0.009541595306
7308.2 0.009343683424
7308.6 0.009343642476
7309.1 0.009189082686
7309.6 0.008999342746
7310.0 0.008865040046
7310.5 0.008545089145
7311.0 0.008232685415
7311.4 0.007970756712
7311.9 0.007780460143
7312.4 0.007797108493
7312.8 0.007865534267
7313.3 0.007923886594
7313.8 0.007850775493
7314.2 0.007746835793
7314.7 0.007454198124
7315.2 0.007364833342
7315.6 0.007367047938
7316.1 0.007400712725
7316.6 0.007229367798
7317.0 0.007088898641
7317.5 0.006894811072
7317.9 0.006782391533
7318.4 0.006615564527
7318.9 0.006499003801
7319.3 0.006357435516
7319.8 0.006306056162
7320.3 0.006264828482
7320.7 0.006096150635
7321.2 0.005999015483
7321.6 0.006052504028
7322.1 0.006172148547
7322.6 0.006010169149
7323.0 0.005859085722
7323.5 0.005769789291
7324.0 0.005888460889
7324.4 0.005687111487
7324.9 0.005647647168
7325.3 0.005513979883
7325.8 0.005377728822
7326.3 0.005336099328
7326.7 0.005307487297
7327.2 0.005316513721
7327.6 0.005225419542
7328.1 0.005092097017
7328.5 0.004943763948
7329.0 0.004864241191
7329.5 0.004836869092
7329.9 0.004863070563
7330.4 0.00476953412
7330.8 0.004725041999
7331.3 0.00467263856
7331.8 0.004632969762
7332.2 0.004509851105
7332.7 0.004484874902
7333.1 0.004310831842
7333.6 0.004353744717
7334.0 0.004377096452
7334.5 0.004293550328
7335.0 0.004158664052
7335.4 0.004114678414
7335.9 0.003917849081
7336.3 0.003968550691
7336.8 0.003921918055
7337.2 0.003926331713
7337.7 0.003862053524
7338.1 0.003778835345
7338.6 0.003858560831
7339.1 0.003760575917
7339.5 0.003781152597
7340.0 0.003690073698
7340.4 0.003642284732
7340.9 0.003555699954
7341.3 0.003559505193
7341.8 0.003556712053
7342.2 0.003469013574
7342.7 0.00338261334
7343.1 0.003368671783
7343.6 0.00335680789
7344.0 0.003330651309
7344.5 0.003243341208
7345.0 0.003188845241
7345.4 0.003154381616
7345.9 0.003054871628
7346.3 0.003052766802
7346.8 0.003049588309
7347.2 0.003034019771
7347.7 0.003055272071
7348.1 0.002943825821
7348.6 0.002970367846
7349.0 0.002862044285
7349.5 0.002811139781
7349.9 0.002868126948
7350.4 0.002786809252
7350.8 0.002702514497
7351.3 0.002656910883
7351.7 0.002635592659
7352.2 0.00262532814
7352.6 0.002567474478
7353.1 0.002591549548
7353.5 0.002639036858
7354.0 0.002610950847
7354.4 0.002463000167
7354.9 0.002431781587
7355.3 0.002441324754
7355.8 0.002378462922
7356.2 0.002426264169
7356.6 0.002348741966
7357.1 0.002319558876
7357.5 0.002327430815
7358.0 0.002304383505
7358.4 0.002257228828
7358.9 0.002203388443
7359.3 0.002223948395
7359.8 0.002214544242
7360.2 0.002202302295
7360.7 0.002183731788
7361.1 0.002145852409
7361.6 0.002072812334
7362.0 0.002040135748
7362.4 0.002058253149
7362.9 0.002054982583
7363.3 0.001998821309
7363.8 0.001960667965
7364.2 0.001996501466
7364.7 0.001999433529
7365.1 0.001983988568
7365.6 0.001881075902
7366.0 0.001836694944
7366.4 0.001869181829
7366.9 0.001843537066
7367.3 0.001821956629
7367.8 0.001781581287
7368.2 0.001822875033
7368.7 0.00180797632
7369.1 0.001841956162
7369.5 0.001625456993
7370.0 0.001712401268
7370.4 0.001722009515
7370.9 0.001684076382
7371.3 0.001681653799
7371.8 0.001697461277
7372.2 0.00162454575
7372.6 0.001604369402
7373.1 0.001647098525
7373.5 0.001575507858
7374.0 0.001597519467
7374.4 0.001548109733
7374.8 0.001558140781
7375.3 0.001536141031
7375.7 0.001472306804
7376.2 0.001513452883
7376.6 0.001515807393
7377.0 0.001531590909
7377.5 0.001486672282
7377.9 0.001391324055
7378.3 0.001455992531
7378.8 0.001416297057
7379.2 0.00137105414
7379.7 0.001425322067
7380.1 0.001379154354
7380.5 0.001447788026
7381.0 0.001406466084
7381.4 0.001325427834
7381.8 0.001302272062
7382.3 0.001358434687
7382.7 0.001325402057
7383.2 0.001328975772
7383.6 0.00128937022
7384.0 0.001246661053
7384.5 0.001275916581
7384.9 0.001212046743
7385.3 0.001278667793
7385.8 0.001209413767
7386.2 0.001183232905
7386.6 0.001239561524
7387.1 0.001242266316
7387.5 0.001234054991
7387.9 0.001253784209
7388.4 0.001187202491
7388.8 0.001208662254
7389.2 0.001127264505
7389.7 0.001213338643
7390.1 0.001194405919
7390.5 0.00113210543
7391.0 0.001172788963
7391.4 0.001156771499
7391.8 0.001133080474
7392.3 0.00110566784
7392.7 0.001149341458
7393.1 0.001133465929
7393.6 0.001136892431
7394.0 0.001098285063
7394.4 0.001149591009
